87.422609 16.752256

50.744223 312.547280

100.612078 293.280804

197.064304 115.244381

113.360114 16.256459

250.036734 205.952273

220.532773 366.786089

-16.765323 203.572691

176.562430 6.797744

66.337245 236.798632

118.203483 100.212054

189.939580 448.450381

142.044378 66.676823

205.311591 34.392774

-68.136939 119.966727

189.793414 469.041122

235.483245 162.625654

221.848853 304.534439

102.178975 4.132841

247.567110 334.924755

138.404840 237.310212

138.493120 5.944718

70.091381 241.584702

100.783388 433.344970

173.150326 159.074983

265.613971 228.208726

125.735724 24.309054

338.405384 359.366685

341.996983 359.683573

-38.063512 97.840070

114.295583 226.551787

218.979312 65.668858

308.656444 267.366681

-21.129267 120.494679

189.596960 168.322048

317.514125 387.872040

115.661363 362.544929

80.297884 349.958256

321.788027 333.120476

120.610557 486.324998

59.437607 59.388387

122.023103 205.237815

283.857285 422.211771

2.443853 165.730815

114.524191 454.325683

99.116502 202.938327

272.724085 239.137874

118.943672 255.918354

200.478169 332.162212

197.561275 387.311933

26.495812 88.779511

114.807163 154.484192

246.713497 249.929041

16.233770 261.891297

60.551983 299.212819

229.820766 412.989262

162.409446 454.374210

278.948432 238.016485

275.698865 394.762906

1.736993 183.209384

199.795866 387.230665

336.625662 322.735651

205.060774 261.289088

10.131033 204.832059

286.789963 269.056949

80.767950 92.175830

2.436255 276.265877

34.760644 279.117874

39.879386 173.767039

115.767189 402.369404

196.886570 331.845324

124.136085 263.337172

54.904702 328.506303

156.810691 435.782439

314.645170 272.071483

278.266715 416.149961

12.650357 274.104370

127.370454 327.660876

7.172624 74.266950

192.961125 186.995088

274.951077 349.591667

357.915665 415.938311

-60.003076 109.825708

238.572035 370.605122

229.859933 106.443999

174.873923 354.126333

244.250885 145.301437

257.349726 160.935386

59.812381 266.571541

71.081800 47.329665

64.744617 242.226664

155.192919 280.555564

210.618601 217.231052

81.289478 401.833267

373.118715 354.076632

205.525002 483.236795

130.807114 212.973521

168.201719 158.359937

210.870592 236.464785

110.932592 454.008795

222.905344 333.584118

306.341172 388.278383

68.140936 187.954526

110.809222 142.994350

188.028889 211.339965

130.578506 -14.800375

54.546299 146.383071

79.679891 259.136353

47.525638 150.218476

187.640092 471.356981

327.670929 298.000803

33.110717 196.836176

138.339943 260.135545

221.141406 198.947984

188.158684 165.689301

278.242159 378.560077

271.725480 420.862948

309.932771 388.595271

197.886349 396.250296

104.935680 436.774032

-48.155418 164.885975

162.173826 460.200399

336.519837 282.911176

273.245026 425.730287

9.326533 195.016114

101.888405 414.509394

53.855810 188.921562

-78.204875 101.537494

136.973575 1.077379

315.312277 438.073154

-0.879970 86.642560

-14.433680 107.720912

211.958651 69.504262

1.793705 147.854090

314.897162 291.305216

95.231985 120.737898

20.158042 160.611486

314.945688 243.419961

334.683991 404.700460

238.962594 479.783176

102.050942 418.978575

228.568996 329.350556

32.209164 282.790741

49.484268 216.378613

130.521794 20.554918

174.841768 427.071511

290.901915 332.901227

184.958231 397.615489

189.744300 393.861354

-56.899088 96.735053

8.725499 252.319157

138.688399 60.533745

181.025774 486.365339

43.154096 177.675526

-14.368783 84.895580

174.474005 -13.711729

109.144098 281.782777

195.910761 181.965212

177.157040 306.159809

144.230442 114.480809

275.690680 382.232944

121.007540 238.837943

249.404131 459.265518

174.264703 398.899415

47.687588 31.622633

116.862846 124.873819

36.450911 300.984355

186.493560 304.477727

112.280828 318.811967

-28.231196 122.095493

226.520325 125.360843

-22.591513 203.337071

259.771410 202.913183

279.143711 292.605512

13.219237 289.746504

108.673445 416.500179

-37.145002 160.010451

2.005356 227.503040

255.253116 127.895952

257.269044 281.765819

175.987126 347.820718

130.296121 408.106139

158.345433 219.579653

217.534611 419.701219

339.819104 324.409548

32.485712 339.614359

284.629042 381.907870

25.000823 121.502057

86.034620 335.429324

-1.350623 221.359962

78.533360 92.257099

123.664258 151.924527

138.932205 67.237517

14.583256 56.544576

3.614355 247.134930

174.825397 402.011588

93.948060 110.044370

61.729496 147.016848

153.875665 96.677167

-17.927639 134.698537

189.905076 29.135465

59.738711 153.801889

143.418344 215.199926

42.122162 186.215732

135.844001 -17.676929

258.926570 253.512454

158.159514 423.650634

183.470254 196.737950

228.886472 448.823981

69.481573 163.292760

224.368177 373.806750

161.050677 84.780982

191.076752 356.669626

288.715851 285.097241

87.333742 125.052728

247.144983 421.756902

50.817306 302.251909

-35.544188 167.112380

347.018673 350.103248

76.592275 297.286931

126.175396 208.666876

196.521155 383.322177

331.108763 429.443495

204.369111 57.697532

70.577818 8.862199

310.216917 334.883827

163.862920 235.936833

353.990807 394.153098

224.359405 238.211765

160.922056 376.561694

193.645189 501.121705

280.647472 395.477951

67.270952 77.898889

33.711751 139.533133

27.942274 103.942220

137.656465 69.073950

85.829981 22.180289

283.084940 339.450648

57.373738 76.468798

324.558755 298.561497

73.431575 345.732880

176.905636 409.991099

176.166034 377.349822

280.784865 239.292225

-32.757089 157.613323

85.424812 257.137382

341.907529 344.919021

217.191991 139.572887

366.317303 327.025925

39.018762 322.371411

217.331146 352.582231

205.589313 337.346439

182.250639 40.154066

203.532456 120.826765

61.665186 292.907204

348.562774 392.560470

121.057241 437.082735

155.419180 16.069366

271.659996 320.623257

298.532383 407.357765

187.434866 35.042923

175.749745 -15.548163

-22.250068 237.335356

-32.757089 157.613323

180.943918 361.065725

56.171082 68.009861

181.171940 465.774597

-3.309253 155.199825

150.667026 316.073394

179.026803 480.620418

147.368346 397.640046

167.453345 -9.876325

47.939579 50.856367

159.848607 199.387069

146.385526 481.360020

285.091510 234.660507

160.133928 391.805671

-73.158629 129.547053

30.518897 260.924260

117.261003 123.516811

102.544977 75.721010

131.521573 84.959890

135.634112 271.869192

88.147601 393.528681

133.480203 151.120028

248.972057 164.372633

92.315091 175.887619

2.264945 136.201711

173.035728 -16.344477

56.244165 57.714490

82.483949 397.762242

41.520540 120.453751

300.213878 293.629261

0.046726 161.342903

-60.092530 95.061156

334.285833 406.057468

-11.475271 238.286022

106.706630 337.810080

0.216861 55.277022

159.400750 2.499285

188.214809 7.268984

322.072761 402.474055

244.267843 293.426383

158.458270 25.804042

0.826669 133.568964

288.366807 361.634017

92.851815 264.474931

107.778317 145.789635

292.868730 411.591326

90.219655 388.978231

332.595566 384.190987

21.669988 276.013886

113.742487 112.904552

1.071061 263.337759

172.011980 4.725690

143.500787 463.564563

149.756701 266.432974

223.929093 312.513951

2.533307 180.495367

102.642617 103.015524

232.192163 133.657244

156.646393 62.118187

230.348131 242.916566

194.171967 207.983986

29.445448 83.749635

50.004034 156.840979

173.688225 493.792342

295.972131 275.435647

261.259387 403.790723

169.590883 85.812916

105.413932 191.521568

147.684648 270.983424

180.893631 39.755909

162.790058 181.827232

90.008591 432.394305

245.738275 223.113953

16.509731 195.649891

200.948235 74.379786

200.901470 491.460112

133.432263 322.070306

155.614459 70.658393

299.995216 447.580397

240.156478 352.647128

130.815887 348.568506

-5.698195 163.341873

122.690796 494.304510

148.048889 -26.623477

26.609822 141.133947

239.033916 100.292735

124.916028 235.563233

264.566253 334.754032

62.777214 40.471542

98.352344 132.707165

175.362121 490.598900

149.243360 -30.694501

270.750258 394.047860

145.198653 374.895982

152.542627 10.803870

180.041779 323.955266

291.063865 214.305385

167.421189 63.068853

71.472358 156.507719

177.757488 125.791743

187.858166 194.340822

148.563404 516.634045

222.068689 396.713350

137.217967 130.846175

61.054791 91.550239

180.594874 437.602501

105.349622 337.411923

189.378886 445.338207

248.394992 136.200537

4.011925 122.712899

236.898139 373.798564

203.265855 445.728179

136.919211 528.692767

59.886051 379.341194

62.972493 95.060569

350.447734 345.950955

319.123124 407.503931

41.155126 171.930605

11.000430 191.822672

92.038543 119.064001

90.648793 68.545998

199.966588 404.229807

52.343863 73.519162

164.155252 194.755350

264.956224 320.867063

136.640902 102.674079

285.595492 273.127973

217.175620 114.512964

278.746141 417.027544

140.110305 38.106569

-47.400032 99.522152

61.185760 292.029621

171.037932 224.040649

2.077851 94.142646

120.885931 297.018569

264.249364 338.345631

35.126058 227.641020

