661.556555 788.590311

672.821051 862.143769

669.967158 820.516190

748.545750 876.242351

705.108804 857.960346

625.392852 896.720726

686.796348 809.849495

662.239207 804.854812

668.432152 868.906724

608.404605 888.949019

632.923311 876.914358

650.722818 827.841173

655.029527 836.698501

732.289232 802.406549

697.342418 825.269624

719.081439 830.505556

712.480204 819.715575

631.758161 855.013618

635.425974 814.956819

630.305345 887.783869

664.605280 890.525120

648.546255 852.157064

591.339489 847.118625

707.156759 906.753848

637.676745 849.539098

658.456091 793.823582

670.724017 895.678862

617.305689 851.992683

626.722383 887.380900

688.156329 892.057466

661.792482 841.087400

572.046070 936.772203

614.726157 879.891537

684.337440 839.157408

641.097987 856.343149

713.963471 878.493121

665.981228 823.696184

673.662762 896.846673

670.762452 912.708205

645.812987 811.938546

723.267524 837.953824

633.572851 826.470547

653.217499 840.402087

635.140969 844.788325

682.114460 920.962410

609.128352 897.403378

599.673223 844.985818

618.799600 811.412291

630.508160 873.572645

658.604506 911.619923

655.024205 886.377470

632.405040 829.409291

720.772843 825.392910

631.481139 810.326671

602.529777 861.773912

687.278846 815.485734

683.449313 861.943615

660.059983 854.010188

658.412335 826.473208

712.077235 823.298537

620.367719 829.730070

647.537503 873.534211

628.134104 862.420791

680.951971 874.222185

635.626128 825.585080

609.978045 857.587828

682.402126 866.291419

678.418857 844.631928

604.215859 906.340235

643.757048 837.663497

658.941251 774.620337

638.926746 830.980071

699.231315 855.624724

672.538707 867.135791

600.838373 866.886559

641.906585 824.337740

620.118486 901.430404

660.380761 866.047509

679.383853 855.904407

655.073283 804.048875

651.038274 889.557463

639.935498 809.602924

715.901446 826.519625

667.749500 852.642223

661.309984 835.451161

667.305436 864.035327

628.973153 921.963179

615.416792 821.637584

683.931811 867.579855

645.571738 809.120426

646.210633 858.034553

575.442183 802.349487

712.274728 858.766283

656.194677 858.599241

617.906150 883.877467

666.384196 820.113222

614.366945 850.824873

702.372874 842.581311

645.925628 887.866059

681.234315 869.230163

659.133421 859.767052

725.844394 834.894455

617.906150 883.877467

671.894489 867.900633

602.935407 833.351466

678.942450 842.458026

614.726157 879.891537

683.128534 849.906294

644.812218 758.797239

666.099191 849.944728

700.031931 898.137769

590.412927 852.875489

569.559373 849.692835

678.980884 859.487369

643.757048 837.663497

633.655041 810.850264

639.319070 926.755047

641.824395 839.958023

655.026866 861.537985

689.491182 833.038671

688.682583 865.044079

545.761752 895.021339

667.587780 859.043305

726.250024 806.472009

642.912677 827.800078

704.749591 828.893681

683.731657 856.951593

641.100648 831.503664

646.380336 777.115017

666.219816 851.353788

663.481225 860.814238

658.486542 885.371379

685.261341 858.240029

676.042140 858.319558

658.160442 923.013027

641.462522 835.730844

619.844125 831.903972

622.785531 808.232298

687.152899 863.755644

661.104508 874.501868

640.618150 825.867425

617.228821 817.933997

615.860856 810.244480

628.216294 846.800508

655.914994 838.751778

683.328688 860.534555

625.962863 837.057713

721.178473 796.970463

588.400744 845.950814

614.690384 838.022709

638.362058 840.964115

626.886764 856.140334

620.082713 859.561576

676.362918 870.356879

633.118143 937.221589

645.127674 820.513529

620.768026 850.986592

603.853986 902.113055

628.175199 854.610649

601.120717 861.894537

593.995889 853.278458

613.317097 880.012161

659.898263 860.411270

628.375353 865.238911

665.816847 854.936750

638.523777 834.563033

590.736366 840.073326

677.854168 854.615972

682.286824 815.203390

655.871238 871.401404

641.177516 865.562350

654.423744 854.492686

672.215268 879.937954

613.360853 847.362535

660.868581 822.004780

712.113008 865.167365

659.015458 833.518508

629.866603 849.498003

669.435582 897.208546

661.109830 824.822899

635.138308 869.627810

613.961315 879.247319

697.416626 884.167795

631.919881 848.612536

649.957976 827.196955

665.575598 852.118630

631.722388 813.144791

659.338897 820.716344

660.183269 830.579763

647.062988 793.379518

629.060666 856.663927

683.205402 883.964980

682.042914 837.224755

623.824734 878.402948

623.224272 846.518164

632.682062 874.096239

645.037500 910.652266

692.388831 842.016623

716.545664 825.754783

625.927090 795.188886

599.188064 864.189063

701.928811 853.974415

663.478564 885.653723

644.285963 785.810626

643.266567 906.545711

641.413443 918.059439

719.522842 843.951937

601.051832 753.317397

664.292485 803.969345

637.789386 925.466612

652.255164 804.290124

620.003184 850.342375

731.151872 896.893090

699.867550 929.378335

663.768892 806.143247

602.850555 873.811233

637.676745 849.539098

642.232686 786.696092

624.063322 906.060552

669.602624 841.128495

654.382648 862.302828

706.723340 818.789013

636.465178 885.127469

664.931380 852.883472

633.131448 813.024166

691.177264 877.604993

668.868233 932.032074

691.341644 846.364427

677.815734 837.586629

595.766822 857.385013

649.190473 851.392222

658.768887 880.379357

659.256707 836.336627

673.188247 816.691979

613.917559 911.896945

601.521025 883.151059

657.696571 743.500395

732.804842 874.751101

625.516138 873.290301

620.960197 936.133307

662.762800 802.680910

655.067961 853.727844

617.220837 892.452451

672.269668 747.930390

609.056805 813.665723

705.917402 825.954937

602.291189 834.116308

635.105196 802.919498

591.783552 835.725522

632.928633 827.235389

605.715093 816.080874

726.116094 929.260372

648.908129 856.384244

647.463296 814.636041

628.177860 829.771165

643.115491 813.588854

673.114040 757.793809

686.878538 794.229212

651.767343 848.332853

636.426743 868.098126

632.561437 872.687179

649.511251 863.429543

594.278233 848.286436

589.966202 889.108077

690.938676 849.947389

696.136173 811.179025

649.478139 796.721231

618.073192 827.797417

664.890285 860.693614

650.484230 800.183569

634.655810 863.991571

625.082718 785.325467

654.387970 812.623858

688.926493 843.022714

649.672971 857.028462

655.596877 801.874973

706.641149 834.409296

662.521551 799.862790

634.578942 829.932885

639.927515 884.121377

702.490838 868.829856

670.046688 829.735392

697.419287 859.328310

664.364031 887.707000

721.214246 838.839291

731.318914 840.813039

618.594124 850.462999

599.596355 810.927132

606.194929 846.556598

707.159420 881.914363

665.488086 917.417882

632.002071 832.992253

652.740323 785.086879

705.791456 874.224846

667.831690 837.021940

633.172543 805.214024

657.036387 893.302145

603.297280 837.578645

608.366170 871.919676

692.227111 848.417705

620.770687 826.147108

757.970427 837.112114

584.088713 886.772455

669.599963 865.967980

708.530046 864.764396

636.429405 843.258641

678.213381 883.682636

644.996405 918.462408

610.221955 835.566463

622.821304 850.101126

708.414744 813.676367

653.453425 892.899176

709.261776 798.700301

722.584872 821.689323

621.648171 902.718839

629.183951 833.233502

621.691927 870.069213

551.326446 810.801186

638.841895 871.439839

612.110852 865.921563

673.270437 801.071696

702.164737 906.471504

686.064617 875.913589

647.055005 867.897972

682.084009 829.414613

646.816417 840.240368

708.535368 815.085427

622.821304 850.101126

624.879903 799.536690

659.256707 836.336627

641.618919 879.008731

651.887968 849.741913

617.382557 886.051369

610.060236 841.967545

609.539303 819.301962

626.804573 871.760617

639.403922 886.295280

685.061187 847.611767

718.845512 778.008467

657.927176 845.676453

637.271115 877.961545

649.190473 851.392222

672.135738 870.718753

648.420308 900.426973

694.568055 792.861247

670.688244 853.810034

619.394739 892.976044

628.655036 885.086373

660.254815 914.317418

600.843695 817.207589

640.546604 742.129770

636.870807 856.705022

628.578168 851.027687

654.547029 831.062261

611.672110 827.635697

664.725904 891.934180

616.417561 874.778890

637.802691 801.269189

654.454194 946.040483

638.723931 845.191294

661.389514 844.670362

687.394148 866.573763

543.108013 864.022021

662.187468 912.022892

735.263750 845.443187

653.381879 809.161521

649.223585 918.100534

662.351849 880.782326

664.166538 852.239255

647.822508 843.702705

697.622102 845.117087

660.827486 829.814921

669.240750 836.901316

612.680863 806.258550

624.510047 869.827964

626.286302 824.255550

659.659675 832.753665

625.433948 888.910584

681.722135 825.187434

699.875533 854.859882

637.037849 800.624971

692.111809 797.329676

610.027124 775.259233

667.390288 823.575559

601.361966 864.712656

668.752930 880.944045

701.767091 860.375497

642.422195 896.682292

583.011076 799.572463

597.296506 858.673448

629.181290 858.072987

617.346784 844.182542

683.739640 782.433140

608.730705 851.307371

637.350644 887.180746

714.769408 871.327197

649.108282 867.012505

652.737662 809.926363

723.064709 852.165047

658.815304 822.890246

