584.999762 829.380444

19.669946 272.206145

-1.285624 446.601856

207.293706 140.079976

215.097244 723.795750

-51.009073 76.082520

154.021933 324.153652

255.425701 762.157391

228.128840 269.994937

332.773989 538.722295

372.169326 859.048702

158.612137 142.745466

259.397325 366.862279

549.124115 765.796342

108.930789 81.005983

409.172785 572.192041

49.273307 507.861913

390.094577 810.513299

200.525623 286.214137

168.959556 833.323434

35.637154 280.575628

266.599242 884.816072

-2.228691 346.841591

-8.031497 138.065808

387.591625 766.300912

151.534764 181.936164

175.774991 393.173971

105.599367 112.452790

301.254687 668.751267

204.880794 233.697164

142.753101 666.460551

-59.230629 440.654058

374.426712 527.362248

62.800699 79.998606

130.407886 216.267709

266.589295 503.091040

296.410731 461.730649

97.166160 397.375377

298.370535 774.020834

41.340561 92.861827

36.369745 546.816991

105.625097 396.172721

65.987716 438.337612

348.562290 517.562674

490.992602 840.854502

163.934344 104.513619

237.801554 905.106296

172.987304 279.608005

148.181134 668.053179

328.524057 507.998720

175.076316 423.182501

515.760193 882.019613

193.625985 108.803892

-18.374220 432.008027

299.669657 563.644237

263.803957 881.785168

405.168419 917.367309

263.387081 365.822159

-111.383362 138.691986

-66.893839 316.077675

76.404109 257.165045

416.446611 833.720417

167.242970 404.671999

393.808372 875.714586

218.818051 555.396950

223.066809 339.990479

16.045018 98.704388

266.013404 721.048991

388.631744 770.290667

69.189344 452.541470

33.175129 299.013048

476.114040 788.589519

411.360024 866.126075

86.235252 35.290422

18.255639 184.098258

-48.074634 292.122769

522.699585 875.949618

461.357673 801.208935

432.218540 787.500873

393.473939 608.116215

253.375856 312.037632

440.782129 579.992645

361.564078 628.967133

19.727832 482.980898

148.186971 188.323047

496.672626 861.680863

324.170647 929.710763

-162.811102 213.506340

366.934225 419.785007

223.789453 224.506810

214.983821 794.506337

288.960345 662.933263

199.088521 529.711436

61.102246 45.602163

209.782049 528.427511

231.460262 238.548131

252.457933 372.932273

147.571913 712.826261

-111.033731 185.220233

505.236214 654.172634

307.290766 379.440766

145.944782 298.939378

401.729998 662.859593

118.237501 644.529173

140.891524 504.529904

66.118098 515.751971

16.939558 246.349908

264.973284 717.059236

164.334849 595.416705

-111.472816 123.927434

153.687500 56.555281

-7.713435 380.604256

-41.882443 363.946559

522.382697 879.541217

-104.062184 106.205061

159.240663 738.357424

427.578636 770.664268

-88.452205 178.581359

-8.031497 138.065808

36.954409 464.454025

98.368817 405.834315

300.287063 531.401117

-63.677015 109.211409

-92.156640 372.040081

81.996440 632.421925

218.761926 713.817267

100.229220 321.634915

-75.718778 245.692162

-118.964129 262.480241

36.897697 499.809319

85.261203 254.605381

-137.491590 122.188640

327.126708 568.015779

174.354846 784.796217

190.895598 82.947655

44.039967 437.793289

41.171012 321.992731

89.650877 621.403323

221.765926 181.172005

222.619539 266.167718

-59.540506 210.645571

345.986254 483.645657

146.140648 476.593428

-15.661965 63.609271

166.561841 705.870498

-81.577710 195.336696

-76.165462 294.934425

271.539663 873.001156

264.259413 968.137889

232.039088 635.915297

328.914028 494.111750

381.740878 728.475407

288.852759 253.913718

-31.937290 194.426371

163.295904 837.556996

382.512049 565.106483

279.308111 914.336991

369.357670 830.957875

6.051925 439.174853

120.293184 614.918800

519.464629 688.560891

561.296847 829.794972

-35.877345 393.711283

105.178414 445.414984

5.450304 373.412873

246.022523 417.469735

54.019036 564.522994

308.095852 512.321735

411.822491 718.878711

515.410563 835.491367

41.684354 619.120206

345.831902 491.706437

516.555920 756.240574

22.368178 371.007560

337.886307 790.036569

544.159137 740.021374

-43.515412 429.789807

245.544859 785.787223

371.468303 396.797138

466.615570 908.867444

223.610545 194.977706

-38.802425 436.331042

380.530623 830.551532

306.496800 874.414876

488.123648 725.053944

117.090383 354.584895

173.628093 38.824722

249.616470 910.046718

192.020508 827.562142

-55.152594 208.248443

99.287327 468.004696

105.754305 227.457033

335.025538 686.765973

302.926822 296.362755

91.159302 -1.584417

224.693941 753.877362

334.156728 822.840383

207.994141 479.266516

26.470183 53.126806

472.635865 717.562044

23.660876 517.296072

293.193320 545.531892

252.936772 250.744833

415.032304 745.612530

-104.118309 264.625378

343.987870 600.965759

76.851380 330.987806

245.431435 856.497810

408.579349 518.960022

515.117644 753.607826

92.751930 -7.012449

225.203760 312.614697

324.697425 636.573044

-27.508449 254.679051

137.171304 795.993727

403.104551 934.447720

171.974090 805.468227

268.125211 533.018302

202.215891 308.080618

91.460993 215.894108

-31.644371 276.309912

72.683890 548.628868

193.930025 818.542511

-112.472008 182.587486

115.464425 186.828059

-183.751475 166.831927

271.035681 834.533690

-55.153181 85.183420

17.915955 519.295043

317.659219 369.218478

279.118083 256.952808

295.101662 290.382214

211.448347 635.769131

-1.594327 462.723417

183.584367 497.159613

368.698162 554.421141

336.992353 765.456071

197.218171 232.185804

330.061147 784.056028

448.908980 803.451711

193.374581 212.635182

102.748544 390.907225

170.526453 544.175471

194.246913 814.950912

348.236629 385.559288

280.856877 230.934034

169.445993 600.600931

221.523882 543.663303

-28.247464 345.102797

302.871872 700.913119

451.638780 706.242924

371.031567 827.764433

188.022567 816.072301

439.546730 521.413862

-104.029442 156.324906

269.979190 805.484011

474.091099 868.319738

37.196453 101.962727

80.402638 391.719911

118.326368 536.228701

-130.494899 203.828375

482.322602 885.473232

428.383723 903.545236

149.555100 816.576283

151.493837 119.286356

90.975143 571.681635

233.250517 779.969219

410.001255 496.532847

160.857848 770.519276

590.728311 802.321550

63.133959 101.466930

158.686394 378.580142

68.740899 132.588662

32.499837 120.481415

114.554688 260.252662

386.168545 542.598040

200.461900 555.169516

416.096393 664.127147

76.949606 481.347343

-33.895333 251.331257

240.296322 936.788723

189.888807 252.142768

248.061248 239.734416

-6.788500 86.109529

224.782808 645.576891

186.104865 812.561970

219.689209 911.582634

215.462072 549.253872

-140.319030 192.102913

30.728301 96.380343

322.375141 991.084831

216.275344 694.664803

-24.014490 227.701426

155.038083 413.618547

-114.966188 273.970083

-24.737134 343.185094

415.056861 783.202415

131.887677 404.615287

228.919903 870.076077

270.660319 504.285511

155.689992 800.690343

409.174546 941.387112

65.135277 599.471945

63.509320 431.715108

110.614632 459.537573

444.196580 919.975500

217.182734 128.980105

151.672158 25.750437

295.338456 530.686071

367.034212 939.339615

286.433423 704.196014

243.480991 802.867634

-62.985352 312.802964

46.410777 35.396247

282.043749 337.398072

-45.075885 362.272662

68.846137 49.348114

-38.885454 64.901381

-11.702604 504.709399

315.369091 650.785087

505.358410 719.057032

470.182612 871.594448

-105.125686 310.755467

286.870747 396.293743

279.021617 475.788341

384.114624 941.403483

350.316868 393.538799

430.089775 827.406617

507.935033 876.039073

16.736094 179.230920

8.772366 83.306058

316.499251 792.604419

586.364955 842.308562

240.085258 980.204796

239.483049 791.377793

266.104032 981.943590

48.564686 156.145411

-20.407107 130.013213

114.870989 133.596040

218.621011 131.612853

64.168241 585.186818

318.894618 427.797261

-157.943764 211.986795

160.572528 578.100673

226.114672 485.320140

282.070654 867.248050

55.073766 224.377602

225.870280 355.551345

419.979737 500.197529

-49.764315 393.321311

382.091096 898.068678

417.007305 836.832591

359.029557 780.764946

269.987963 941.078996

273.311199 897.102228

254.496657 195.196955

88.437687 108.154331

499.459725 852.181806

394.669584 850.175237

248.947603 374.849976

346.597235 808.067645

93.930617 86.921627

147.025242 242.513917

435.679757 710.403403

221.376542 318.123998

353.464131 935.358045

358.458916 395.927741

191.928119 197.472473

-85.226021 230.375101

214.732417 898.337627

214.868636 496.021854

-93.945134 199.814063

336.676052 892.112693

390.215013 506.202627

455.409287 736.088917

47.150966 191.102548

72.186332 153.496292

-153.376943 239.118771

265.947920 620.809300

308.112223 537.381658

232.744774 372.306682

183.959141 704.342767

49.411874 597.806234

326.047422 870.571286

260.268483 723.047962

134.072567 206.289226

90.828390 469.207353

312.046441 817.826879

412.821096 537.153636

576.434999 790.758626

290.202756 487.911960

110.614632 459.537573

388.898932 568.454277

239.236309 169.348903

244.617576 588.021857

328.726347 328.987661

149.031225 14.658752

79.313405 312.550386

128.344017 233.348120

513.874646 805.564105

