618.241893 192.369012

691.151133 202.868665

618.847677 210.163197

595.855994 172.000617

658.457751 170.262795

665.343992 189.304321

590.093808 123.248210

650.619820 286.691172

712.615793 267.159165

686.921293 177.667307

696.422838 182.738858

599.526468 236.896900

613.896750 218.255683

705.924384 187.810410

671.026649 247.275930

646.502620 185.562300

607.451912 185.767776

626.855311 174.654356

719.902341 264.944168

648.917771 182.220587

622.150956 229.607691

597.950367 180.696225

694.292692 215.912078

675.256489 272.477288

717.076238 190.184465

651.582154 250.579208

688.610036 157.940469

625.879671 86.568897

621.460321 171.353738

641.952001 172.398263

615.500642 158.069077

627.905159 203.841645

679.028961 162.088119

676.788835 296.028337

655.395721 148.000182

688.171294 196.226335

610.834720 195.993069

640.060443 177.913878

673.595536 175.816845

680.731009 266.558704

743.733074 243.564360

659.461181 141.960973

611.846134 242.209701

622.995327 219.744272

611.122387 250.664060

715.557198 290.830839

653.709639 192.566504

598.073652 204.126650

641.140742 115.553370

635.997644 208.792571

630.328293 275.018385

645.984349 233.067367

647.152160 236.006112

653.586354 169.136080

664.543376 231.817366

631.449686 220.468019

699.449095 246.870300

670.503055 245.102027

686.285058 251.420919

680.358491 171.427945

631.847333 174.372012

605.516598 158.633765

657.698231 220.585982

643.004510 226.425037

677.833360 275.536656

605.760508 180.655130

597.873498 214.754911

596.058809 186.211840

668.726800 199.529613

656.851198 205.609917

622.101877 147.279096

731.408086 188.572591

623.516259 197.078689

653.347766 196.793684

638.854198 192.004477

751.101812 256.969646

652.410560 91.678882

688.179277 270.744788

528.059400 159.809559

668.126338 231.414397

682.170520 175.131532

651.181847 271.835731

702.906110 198.197422

664.345884 267.285112

693.368792 234.994698

679.206647 317.526108

616.706887 143.978478

655.598536 162.211405

618.809243 227.192540

685.720370 241.436875

629.799378 223.165514

701.869568 293.207556

642.036853 212.858031

579.363549 298.333508

623.765492 268.779023

700.729547 173.881530

631.049379 241.724541

620.947372 268.537774

605.000988 230.978317

630.317649 175.660447

577.658840 169.023438

666.514464 217.082550

623.960323 208.471793

625.731257 204.365238

649.795255 105.648856

668.893842 255.609664

692.242076 239.866096

597.347244 187.741524

638.127790 175.619352

612.131139 272.041207

639.021240 248.084528

622.425317 160.081259

688.705531 297.758175

617.353766 169.582805

692.839876 183.141827

568.118860 180.981230

668.011036 282.502426

620.254076 185.444337

584.742574 152.597218

618.927206 200.943995

597.665361 150.864719

689.421295 214.785362

645.101543 259.960129

609.181751 173.851080

694.972683 174.808092

617.156273 205.050551

654.839016 212.534592

636.485465 252.835301

628.346561 190.395263

674.001166 204.239291

641.431069 195.063846

610.028783 188.827145

607.451912 185.767776

679.113812 202.547887

721.149682 258.663711

626.934841 165.435154

664.178842 211.205061

688.982553 253.071228

730.412639 291.392866

599.674883 119.100559

580.874606 123.168680

593.597240 132.064442

608.902067 193.698542

638.577176 236.691424

653.758718 274.895100

621.386114 230.251909

580.559150 184.884971

636.441708 220.185675

588.010079 213.910540

684.752713 227.869870

608.496438 165.276096

671.511808 266.479175

660.631653 169.739202

587.045083 225.183019

552.142026 234.969569

682.055217 226.219561

597.344583 162.902040

588.892885 187.017777

613.896750 218.255683

680.084130 240.954377

609.220185 156.821737

577.137908 191.689021

683.105065 255.406849

664.170859 136.686607

645.296375 199.652899

662.561645 147.194244

618.565333 205.171175

639.254506 170.747955

664.093990 170.745293

587.642884 168.458750

639.375130 169.338895

622.307353 186.329804

588.895546 211.857262

694.898476 233.706263

716.121887 300.814883

684.188024 217.885826

641.515920 235.523614

597.958350 255.214679

618.367840 240.638921

636.359518 204.565392

691.951749 160.355620

626.775782 183.873557

585.230394 196.639948

632.406699 134.677086

660.354631 214.426150

594.364744 156.259709

682.022105 292.927873

641.151386 214.911309

728.395135 248.638572

675.171638 232.017520

707.130629 173.719811

692.757686 167.521544

712.648905 200.450853

661.750386 90.349351

614.371265 138.100989

686.685366 230.164396

630.397178 166.441246

569.484164 148.452229

680.114581 149.406580

600.291311 236.252683

657.210411 176.543253

655.729805 260.160283

636.279989 213.784593

698.681592 222.675033

703.755804 238.012972

621.868612 224.615669

664.866816 244.619529

623.033761 202.714929

643.558554 137.051142

628.708435 186.168084

619.407043 170.468271

609.957237 272.564800

597.676006 250.222657

716.632175 178.791362

713.054535 228.873300

623.546710 105.530893

665.546807 203.515544

613.650179 171.394833

704.189224 150.048137

613.886106 118.897744

659.255705 102.910266

677.987096 207.419284

677.216932 158.384533

648.791825 133.950678

691.954410 185.195105

638.733574 193.413537

654.189476 162.090780

626.975936 173.245296

616.306579 165.235001

687.206298 207.498814

638.615610 219.662081

735.158090 244.249673

599.405844 238.305960

654.882772 245.184218

644.005279 173.283730

652.218389 176.825597

651.050578 173.886853

631.800916 116.882901

611.835490 142.851762

577.864316 208.074146

641.995757 205.047890

655.929959 249.532022

666.473368 209.272408

657.903707 259.636690

685.232550 197.394146

630.482029 206.901013

650.082921 160.319847

623.557355 204.888831

634.668114 199.452745

734.672931 225.046428

649.035735 155.972043

628.628906 195.387285

703.350174 209.590525

628.107974 218.052868

669.858838 244.337185

596.217867 167.773437

617.389539 127.713977

631.329062 221.877079

642.601541 222.842075

611.366297 272.685425

659.458520 117.121489

710.436569 218.003789

590.019601 182.146380

695.981435 196.185239

681.169751 228.272838

697.305644 155.846096

676.827269 278.998994

715.425930 192.881961

668.036165 141.275661

637.121699 179.081689

579.306488 141.486459

656.725252 157.340008

628.831721 209.598509

734.149338 222.872526

591.025692 178.684043

628.217954 117.285870

640.622471 163.058437

715.505459 183.662759

607.901298 246.839849

642.396065 183.791367

658.457751 170.262795

665.058986 159.472814

554.151547 203.205410

696.715827 287.088818

593.163821 220.029277

644.972936 186.850736

631.123586 182.826371

582.373840 213.428042

696.581897 164.300456

683.782395 189.463379

573.034014 214.757572

622.384222 152.271118

639.709214 281.498996

611.637997 178.319508

645.570736 130.126467

680.363813 221.106914

681.931932 202.789136

601.941619 233.555187

675.966931 139.825506

715.307966 219.130505

694.860042 250.735606

626.057357 242.006886

640.671549 245.387033

679.845542 268.611981

697.796125 224.728310

651.379340 236.367985

615.747213 204.929926

596.341153 191.203862

690.224571 197.111801

700.170181 213.576456

672.353518 231.776271

677.068518 276.180874

600.768486 180.937474

660.796034 200.979769

652.783077 186.809640

700.537377 259.028245

631.644518 160.160788

666.232119 212.090528

648.196685 215.514431

717.648910 274.686963

680.597079 143.770341

634.857623 89.466546

567.672135 144.748642

671.106178 238.056728

604.674888 193.336669

684.996623 249.891234

647.714187 221.150671

694.213163 225.131279

685.509572 152.707198

576.329310 159.683613

629.188272 155.692360

656.289171 220.465358

604.959893 223.168175

659.312767 259.757315

574.155407 160.207206

670.898041 174.166536

650.811990 201.544457

666.835242 205.045228

660.713843 185.359485

688.407221 143.729246

613.891428 168.576714

606.969414 191.404016

627.866725 220.870988

637.327175 218.132397

669.455869 240.754223

603.024579 196.034164

574.632583 104.891997

670.423526 254.321229

677.781621 168.368577

644.377796 268.414489

604.628470 135.847558

604.028009 167.732342

649.446687 234.073459

658.016348 183.709177

640.155939 317.731584

633.779986 176.666538

631.847333 174.372012

614.664254 242.450950

631.570311 219.058959

623.157047 226.145354

630.240780 209.719133

606.563785 162.981569

663.901820 255.892008

593.443504 200.181814

588.925997 120.309465

683.343653 227.749245

652.300579 192.445880

660.349309 164.747180

620.939389 194.019321

610.028783 188.827145

582.247893 165.158132

703.545006 149.283295

740.676366 270.980715

602.662705 200.261344

601.091926 193.739637

690.383630 178.673398

691.790029 153.954538

659.471825 241.318912

647.670431 188.501045

667.482121 230.649555

652.295257 142.766911

604.672227 168.497184

661.442913 226.584095

678.864580 130.847553

710.877972 204.557408

715.266871 211.320364

667.761804 210.802092

733.302305 207.896460

565.583085 185.732003

640.869042 209.919287

611.188611 117.247436

679.637405 204.721789

645.663571 245.104689

644.654819 223.727541

714.822807 199.927260

659.751508 221.471449

656.730574 207.018977

601.174116 209.359921

620.939389 194.019321

642.724827 246.272499

