218.000000 513.000000

219.000000 413.000000

248.000000 432.000000

247.000000 669.000000

250.000000 570.000000

243.000000 626.000000

240.000000 359.000000

257.000000 463.000000

257.000000 667.000000

254.000000 621.000000

255.000000 627.000000

247.000000 643.000000

245.000000 470.000000

257.000000 509.000000

243.000000 435.000000

244.000000 520.000000

251.000000 446.000000

234.000000 564.000000

255.000000 531.000000

242.000000 665.000000

264.000000 567.000000

234.000000 398.000000

231.000000 658.000000

235.000000 537.000000

253.000000 754.000000

234.000000 588.000000

245.000000 379.000000

247.000000 510.000000

266.000000 486.000000

258.000000 505.000000

245.000000 467.000000

245.000000 554.000000

262.000000 519.000000

257.000000 227.000000

273.000000 526.000000

263.000000 455.000000

231.000000 513.000000

250.000000 759.000000

244.000000 397.000000

251.000000 626.000000

241.000000 402.000000

259.000000 519.000000

234.000000 582.000000

256.000000 553.000000

262.000000 580.000000

252.000000 406.000000

240.000000 603.000000

258.000000 482.000000

248.000000 542.000000

252.000000 453.000000

262.000000 403.000000

263.000000 499.000000

253.000000 477.000000

267.000000 646.000000

254.000000 438.000000

252.000000 578.000000

247.000000 215.000000

257.000000 483.000000

261.000000 234.000000

255.000000 378.000000

260.000000 556.000000

251.000000 333.000000

251.000000 529.000000

235.000000 252.000000

252.000000 594.000000

234.000000 485.000000

258.000000 576.000000

262.000000 592.000000

240.000000 482.000000

246.000000 419.000000

256.000000 522.000000

245.000000 543.000000

244.000000 564.000000

262.000000 269.000000

243.000000 431.000000

262.000000 429.000000

265.000000 446.000000

241.000000 534.000000

256.000000 463.000000

253.000000 465.000000

236.000000 374.000000

252.000000 417.000000

238.000000 446.000000

248.000000 468.000000

256.000000 347.000000

249.000000 313.000000

245.000000 340.000000

260.000000 560.000000

253.000000 756.000000

252.000000 559.000000

268.000000 443.000000

259.000000 570.000000

260.000000 455.000000

239.000000 368.000000

239.000000 578.000000

259.000000 497.000000

245.000000 325.000000

262.000000 669.000000

261.000000 378.000000

247.000000 435.000000

