631.000000 176.000000

680.000000 231.000000

620.000000 190.000000

627.000000 146.000000

676.000000 185.000000

669.000000 204.000000

654.000000 105.000000

595.000000 269.000000

655.000000 294.000000

693.000000 209.000000

697.000000 219.000000

588.000000 198.000000

611.000000 193.000000

701.000000 229.000000

636.000000 252.000000

657.000000 189.000000

627.000000 164.000000

649.000000 168.000000

662.000000 297.000000

661.000000 188.000000

610.000000 207.000000

623.000000 154.000000

674.000000 243.000000

623.000000 274.000000

708.000000 238.000000

619.000000 242.000000

707.000000 195.000000

705.000000 100.000000

647.000000 162.000000

662.000000 176.000000

651.000000 148.000000

631.000000 191.000000

697.000000 192.000000

609.000000 293.000000

688.000000 166.000000

682.000000 224.000000

623.000000 174.000000

657.000000 179.000000

684.000000 199.000000

631.000000 273.000000

694.000000 296.000000

695.000000 164.000000

594.000000 210.000000

617.000000 200.000000

588.000000 216.000000

642.000000 314.000000

658.000000 199.000000

608.000000 172.000000

698.000000 132.000000

634.000000 200.000000

587.000000 247.000000

626.000000 225.000000

625.000000 228.000000

673.000000 181.000000

641.000000 236.000000

623.000000 206.000000

658.000000 270.000000

637.000000 250.000000

645.000000 265.000000

692.000000 200.000000

653.000000 171.000000

643.000000 142.000000

643.000000 223.000000

628.000000 218.000000

623.000000 278.000000

629.000000 159.000000

601.000000 180.000000

618.000000 157.000000

665.000000 214.000000

652.000000 211.000000

663.000000 144.000000

720.000000 246.000000

632.000000 183.000000

655.000000 202.000000

647.000000 189.000000

691.000000 311.000000

722.000000 121.000000

634.000000 281.000000

583.000000 93.000000

644.000000 238.000000

691.000000 204.000000

605.000000 258.000000

692.000000 235.000000

618.000000 263.000000

661.000000 257.000000

597.000000 311.000000

661.000000 138.000000

679.000000 177.000000

609.000000 203.000000

651.000000 257.000000

620.000000 207.000000

630.000000 307.000000

636.000000 207.000000

533.000000 232.000000

586.000000 238.000000

706.000000 215.000000

609.000000 222.000000

584.000000 236.000000

596.000000 197.000000

651.000000 171.000000

615.000000 132.000000

652.000000 226.000000

625.000000 192.000000

629.000000 190.000000

711.000000 130.000000

629.000000 257.000000

657.000000 260.000000

618.000000 159.000000

657.000000 176.000000

575.000000 233.000000

611.000000 232.000000

655.000000 154.000000

617.000000 302.000000

645.000000 158.000000

694.000000 217.000000

600.000000 135.000000

611.000000 277.000000

637.000000 172.000000

631.000000 124.000000

626.000000 183.000000

642.000000 131.000000

671.000000 239.000000

608.000000 245.000000

636.000000 156.000000

701.000000 212.000000

622.000000 185.000000

646.000000 215.000000

606.000000 234.000000

640.000000 181.000000

666.000000 221.000000

647.000000 193.000000

627.000000 168.000000

627.000000 164.000000

671.000000 223.000000

667.000000 293.000000

655.000000 161.000000

654.000000 220.000000

646.000000 268.000000

653.000000 324.000000

664.000000 108.000000

647.000000 99.000000

651.000000 114.000000

623.000000 171.000000

618.000000 223.000000

605.000000 262.000000

609.000000 207.000000

607.000000 146.000000

627.000000 209.000000

594.000000 173.000000

659.000000 246.000000

641.000000 149.000000

624.000000 267.000000

678.000000 186.000000

586.000000 181.000000

553.000000 166.000000

658.000000 243.000000

634.000000 140.000000

612.000000 153.000000

611.000000 193.000000

647.000000 253.000000

647.000000 143.000000

600.000000 149.000000

640.000000 266.000000

702.000000 163.000000

647.000000 199.000000

694.000000 170.000000

623.000000 186.000000

661.000000 173.000000

680.000000 189.000000

623.000000 138.000000

662.000000 172.000000

638.000000 174.000000

596.000000 172.000000

663.000000 257.000000

636.000000 322.000000

665.000000 238.000000

621.000000 224.000000

575.000000 211.000000

600.000000 213.000000

637.000000 197.000000

708.000000 199.000000

643.000000 175.000000

603.000000 158.000000

679.000000 141.000000

649.000000 220.000000

636.000000 133.000000

615.000000 294.000000

634.000000 208.000000

679.000000 290.000000

649.000000 243.000000

711.000000 219.000000

704.000000 205.000000

698.000000 243.000000

730.000000 126.000000

663.000000 132.000000

659.000000 249.000000

657.000000 164.000000

622.000000 111.000000

706.000000 183.000000

589.000000 198.000000

671.000000 189.000000

616.000000 252.000000

631.000000 204.000000

673.000000 251.000000

667.000000 266.000000

613.000000 203.000000

633.000000 246.000000

628.000000 187.000000

686.000000 150.000000

643.000000 178.000000

646.000000 160.000000

573.000000 232.000000

578.000000 207.000000

715.000000 229.000000

680.000000 265.000000

691.000000 113.000000

660.000000 215.000000

641.000000 157.000000

724.000000 199.000000

675.000000 117.000000

720.000000 134.000000

667.000000 226.000000

698.000000 188.000000

692.000000 151.000000

692.000000 218.000000

646.000000 190.000000

678.000000 176.000000

650.000000 167.000000

647.000000 154.000000

674.000000 232.000000

629.000000 210.000000

687.000000 291.000000

587.000000 199.000000

625.000000 240.000000

663.000000 178.000000

667.000000 186.000000

668.000000 183.000000

690.000000 127.000000

658.000000 134.000000

590.000000 162.000000

641.000000 201.000000

623.000000 244.000000

657.000000 220.000000

618.000000 253.000000

679.000000 223.000000

631.000000 195.000000

676.000000 172.000000

627.000000 189.000000

639.000000 192.000000

699.000000 276.000000

678.000000 168.000000

637.000000 185.000000

685.000000 244.000000

622.000000 202.000000

637.000000 249.000000

630.000000 143.000000

672.000000 126.000000

622.000000 207.000000

630.000000 215.000000

574.000000 233.000000

711.000000 145.000000

685.000000 255.000000

616.000000 150.000000

688.000000 229.000000

656.000000 244.000000

715.000000 199.000000

620.000000 280.000000

705.000000 239.000000

702.000000 169.000000

654.000000 178.000000

634.000000 112.000000

683.000000 174.000000

628.000000 196.000000

700.000000 274.000000

619.000000 148.000000

687.000000 125.000000

667.000000 168.000000

711.000000 232.000000

588.000000 211.000000

655.000000 185.000000

676.000000 185.000000

688.000000 181.000000

575.000000 143.000000

630.000000 299.000000

594.000000 181.000000

655.000000 189.000000

647.000000 177.000000

590.000000 169.000000

709.000000 205.000000

683.000000 216.000000

582.000000 164.000000

660.000000 148.000000

590.000000 258.000000

635.000000 161.000000

692.000000 146.000000

660.000000 238.000000

673.000000 225.000000

592.000000 197.000000

709.000000 173.000000

688.000000 259.000000

652.000000 270.000000

605.000000 219.000000

614.000000 231.000000

629.000000 274.000000

671.000000 252.000000

628.000000 231.000000

621.000000 184.000000

615.000000 161.000000

683.000000 226.000000

680.000000 245.000000

647.000000 241.000000

622.000000 278.000000

625.000000 156.000000

658.000000 210.000000

661.000000 194.000000

651.000000 280.000000

662.000000 160.000000

655.000000 222.000000

639.000000 213.000000

654.000000 303.000000

710.000000 179.000000

710.000000 108.000000

623.000000 107.000000

642.000000 245.000000

620.000000 168.000000

645.000000 263.000000

635.000000 217.000000

668.000000 250.000000

708.000000 189.000000

620.000000 124.000000

663.000000 155.000000

642.000000 222.000000

601.000000 191.000000

619.000000 254.000000

618.000000 123.000000

683.000000 196.000000

650.000000 204.000000

660.000000 217.000000

668.000000 198.000000

716.000000 184.000000

643.000000 155.000000

623.000000 168.000000

620.000000 204.000000

629.000000 208.000000

639.000000 246.000000

617.000000 169.000000

654.000000 81.000000

631.000000 257.000000

692.000000 196.000000

602.000000 251.000000

657.000000 124.000000

636.000000 148.000000

628.000000 228.000000

667.000000 195.000000

567.000000 286.000000

653.000000 174.000000

653.000000 171.000000

596.000000 212.000000

624.000000 205.000000

613.000000 205.000000

629.000000 197.000000

641.000000 146.000000

625.000000 254.000000

607.000000 166.000000

655.000000 102.000000

658.000000 245.000000

657.000000 198.000000

681.000000 182.000000

632.000000 179.000000

627.000000 168.000000

621.000000 132.000000

724.000000 198.000000

674.000000 315.000000

614.000000 172.000000

617.000000 166.000000

695.000000 212.000000

712.000000 194.000000

631.000000 240.000000

656.000000 192.000000

644.000000 237.000000

689.000000 160.000000

636.000000 149.000000

642.000000 230.000000

717.000000 168.000000

694.000000 245.000000

693.000000 253.000000

657.000000 222.000000

709.000000 262.000000

595.000000 137.000000

637.000000 204.000000

674.000000 114.000000

670.000000 225.000000

618.000000 234.000000

631.000000 217.000000

700.000000 244.000000

644.000000 225.000000

651.000000 212.000000

607.000000 178.000000

632.000000 179.000000

615.000000 233.000000

