448.000000 531.000000

432.000000 555.000000

447.000000 531.000000

446.000000 542.000000

444.000000 506.000000

455.000000 598.000000

443.000000 533.000000

443.000000 549.000000

446.000000 545.000000

451.000000 493.000000

444.000000 549.000000

453.000000 552.000000

449.000000 490.000000

453.000000 622.000000

454.000000 552.000000

459.000000 577.000000

462.000000 537.000000

462.000000 571.000000

456.000000 533.000000

444.000000 546.000000

438.000000 530.000000

447.000000 566.000000

446.000000 554.000000

449.000000 512.000000

459.000000 545.000000

453.000000 613.000000

437.000000 513.000000

445.000000 559.000000

451.000000 582.000000

439.000000 508.000000

467.000000 539.000000

446.000000 608.000000

464.000000 556.000000

455.000000 480.000000

442.000000 544.000000

445.000000 606.000000

463.000000 584.000000

448.000000 549.000000

452.000000 521.000000

447.000000 552.000000

453.000000 557.000000

458.000000 497.000000

440.000000 549.000000

454.000000 579.000000

426.000000 562.000000

441.000000 598.000000

456.000000 554.000000

448.000000 572.000000

447.000000 560.000000

470.000000 578.000000

459.000000 556.000000

438.000000 554.000000

457.000000 503.000000

446.000000 541.000000

468.000000 567.000000

446.000000 538.000000

449.000000 532.000000

445.000000 549.000000

442.000000 552.000000

440.000000 593.000000

458.000000 562.000000

431.000000 500.000000

461.000000 548.000000

454.000000 552.000000

443.000000 572.000000

461.000000 562.000000

455.000000 517.000000

440.000000 554.000000

441.000000 562.000000

439.000000 560.000000

442.000000 512.000000

444.000000 494.000000

462.000000 628.000000

449.000000 548.000000

454.000000 540.000000

461.000000 523.000000

453.000000 558.000000

459.000000 499.000000

453.000000 541.000000

451.000000 521.000000

449.000000 616.000000

450.000000 591.000000

449.000000 533.000000

456.000000 563.000000

441.000000 524.000000

464.000000 580.000000

446.000000 523.000000

449.000000 584.000000

445.000000 576.000000

424.000000 606.000000

450.000000 549.000000

442.000000 544.000000

452.000000 513.000000

440.000000 557.000000

447.000000 538.000000

453.000000 540.000000

454.000000 574.000000

443.000000 507.000000

457.000000 545.000000

449.000000 588.000000

450.000000 558.000000

431.000000 539.000000

449.000000 529.000000

442.000000 526.000000

461.000000 533.000000

461.000000 492.000000

441.000000 611.000000

458.000000 570.000000

445.000000 544.000000

433.000000 530.000000

444.000000 542.000000

445.000000 548.000000

433.000000 572.000000

459.000000 513.000000

454.000000 548.000000

443.000000 559.000000

456.000000 593.000000

459.000000 505.000000

437.000000 504.000000

442.000000 555.000000

454.000000 568.000000

451.000000 524.000000

450.000000 515.000000

454.000000 590.000000

441.000000 531.000000

445.000000 561.000000

458.000000 537.000000

464.000000 541.000000

440.000000 483.000000

448.000000 549.000000

438.000000 569.000000

463.000000 535.000000

435.000000 505.000000

434.000000 537.000000

459.000000 530.000000

444.000000 522.000000

447.000000 550.000000

455.000000 542.000000

432.000000 555.000000

443.000000 556.000000

455.000000 568.000000

445.000000 543.000000

444.000000 523.000000

440.000000 526.000000

448.000000 501.000000

451.000000 541.000000

461.000000 595.000000

467.000000 553.000000

452.000000 577.000000

464.000000 538.000000

449.000000 559.000000

446.000000 575.000000

461.000000 533.000000

448.000000 555.000000

444.000000 544.000000

454.000000 536.000000

453.000000 554.000000

429.000000 559.000000

456.000000 511.000000

459.000000 509.000000

449.000000 526.000000

441.000000 610.000000

448.000000 536.000000

436.000000 606.000000

453.000000 583.000000

448.000000 587.000000

456.000000 573.000000

453.000000 559.000000

457.000000 552.000000

461.000000 562.000000

437.000000 567.000000

437.000000 567.000000

443.000000 545.000000

453.000000 497.000000

435.000000 525.000000

460.000000 543.000000

450.000000 599.000000

460.000000 533.000000

447.000000 585.000000

456.000000 552.000000

439.000000 529.000000

457.000000 531.000000

462.000000 574.000000

440.000000 558.000000

460.000000 577.000000

438.000000 577.000000

438.000000 526.000000

444.000000 609.000000

448.000000 526.000000

445.000000 579.000000

437.000000 578.000000

450.000000 549.000000

435.000000 540.000000

444.000000 535.000000

446.000000 567.000000

455.000000 541.000000

450.000000 536.000000

469.000000 528.000000

467.000000 604.000000

445.000000 531.000000

457.000000 594.000000

449.000000 560.000000

459.000000 613.000000

445.000000 582.000000

437.000000 546.000000

447.000000 513.000000

451.000000 524.000000

449.000000 580.000000

435.000000 547.000000

442.000000 536.000000

451.000000 525.000000

447.000000 521.000000

452.000000 528.000000

449.000000 567.000000

449.000000 554.000000

443.000000 590.000000

455.000000 524.000000

441.000000 556.000000

436.000000 555.000000

452.000000 532.000000

438.000000 519.000000

447.000000 536.000000

469.000000 591.000000

454.000000 553.000000

445.000000 598.000000

438.000000 534.000000

445.000000 594.000000

459.000000 558.000000

449.000000 541.000000

463.000000 517.000000

457.000000 551.000000

458.000000 547.000000

438.000000 644.000000

455.000000 538.000000

443.000000 547.000000

451.000000 458.000000

459.000000 494.000000

453.000000 507.000000

457.000000 549.000000

471.000000 531.000000

463.000000 580.000000

442.000000 570.000000

462.000000 524.000000

428.000000 594.000000

456.000000 549.000000

456.000000 558.000000

448.000000 492.000000

450.000000 537.000000

449.000000 543.000000

438.000000 532.000000

464.000000 495.000000

443.000000 588.000000

462.000000 586.000000

450.000000 561.000000

441.000000 533.000000

427.000000 515.000000

447.000000 586.000000

478.000000 522.000000

459.000000 543.000000

440.000000 582.000000

440.000000 521.000000

461.000000 538.000000

446.000000 501.000000

439.000000 553.000000

459.000000 571.000000

444.000000 579.000000

447.000000 573.000000

441.000000 550.000000

436.000000 481.000000

442.000000 576.000000

468.000000 552.000000

450.000000 535.000000

442.000000 551.000000

437.000000 559.000000

443.000000 536.000000

455.000000 503.000000

449.000000 533.000000

446.000000 558.000000

462.000000 536.000000

457.000000 548.000000

453.000000 511.000000

470.000000 555.000000

461.000000 536.000000

446.000000 581.000000

435.000000 545.000000

443.000000 519.000000

450.000000 504.000000

451.000000 564.000000

443.000000 557.000000

454.000000 501.000000

441.000000 510.000000

435.000000 544.000000

458.000000 576.000000

443.000000 487.000000

457.000000 501.000000

452.000000 544.000000

463.000000 511.000000

445.000000 558.000000

448.000000 576.000000

446.000000 581.000000

453.000000 531.000000

448.000000 564.000000

446.000000 536.000000

448.000000 561.000000

459.000000 530.000000

452.000000 521.000000

451.000000 580.000000

452.000000 534.000000

437.000000 548.000000

457.000000 497.000000

450.000000 553.000000

452.000000 558.000000

451.000000 564.000000

446.000000 542.000000

444.000000 512.000000

447.000000 555.000000

430.000000 571.000000

442.000000 582.000000

469.000000 563.000000

443.000000 573.000000

453.000000 587.000000

460.000000 588.000000

453.000000 540.000000

456.000000 548.000000

457.000000 532.000000

456.000000 567.000000

450.000000 517.000000

444.000000 546.000000

437.000000 527.000000

437.000000 567.000000

448.000000 552.000000

450.000000 538.000000

461.000000 576.000000

448.000000 529.000000

447.000000 557.000000

449.000000 539.000000

445.000000 581.000000

442.000000 520.000000

445.000000 595.000000

450.000000 566.000000

440.000000 560.000000

456.000000 546.000000

452.000000 549.000000

463.000000 564.000000

452.000000 507.000000

443.000000 542.000000

445.000000 575.000000

453.000000 525.000000

444.000000 567.000000

455.000000 528.000000

440.000000 575.000000

448.000000 565.000000

454.000000 536.000000

449.000000 579.000000

451.000000 545.000000

443.000000 510.000000

459.000000 584.000000

443.000000 568.000000

454.000000 589.000000

439.000000 535.000000

434.000000 549.000000

456.000000 560.000000

453.000000 537.000000

453.000000 524.000000

451.000000 572.000000

451.000000 572.000000

439.000000 598.000000

446.000000 566.000000

455.000000 590.000000

452.000000 554.000000

448.000000 553.000000

453.000000 519.000000

448.000000 552.000000

444.000000 539.000000

461.000000 565.000000

446.000000 500.000000

435.000000 527.000000

439.000000 527.000000

445.000000 527.000000

461.000000 502.000000

458.000000 547.000000

447.000000 511.000000

454.000000 542.000000

445.000000 528.000000

434.000000 550.000000

452.000000 516.000000

451.000000 494.000000

448.000000 533.000000

452.000000 515.000000

442.000000 533.000000

446.000000 540.000000

442.000000 529.000000

458.000000 506.000000

444.000000 518.000000

462.000000 575.000000

451.000000 539.000000

450.000000 558.000000

461.000000 565.000000

442.000000 541.000000

438.000000 519.000000

