643.078694 788.584228

675.576611 855.523644

660.548392 816.598682

752.085595 846.614355

705.185993 841.985384

640.484911 902.572264

673.473707 801.435033

648.537345 803.920562

673.382325 863.281550

621.958722 900.168039

641.825851 881.425116

644.328252 829.283597

651.060128 836.472606

714.735179 780.880449

688.105713 813.049869

710.421116 811.627625

700.926058 803.270361

634.240630 860.846865

625.907032 821.495230

642.536973 892.582817

676.115048 885.065311

649.434739 853.156673

593.294067 865.249024

721.561945 887.994385

638.277038 853.867795

641.663245 794.500012

683.483536 888.180658

619.540909 862.231853

638.994953 893.256684

699.067063 879.569406

658.818034 838.666892

601.356804 956.599953

625.321263 889.646949

679.785703 830.160609

643.556210 859.356906

719.713029 858.984360

657.680240 820.814569

686.636137 888.427852

688.552768 904.438052

634.938163 815.542191

716.621349 817.506155

627.539215 833.042350

650.423515 840.546268

634.450569 850.078581

701.837040 908.968848

625.148578 908.030915

600.625301 860.748689

608.975771 823.022443

638.531026 878.946381

676.616230 906.991296

665.736183 883.934311

627.292021 836.194951

710.526086 806.243484

620.770085 818.237659

608.315492 875.942798

675.600277 806.676951

685.671027 852.191564

660.981859 851.524491

651.270067 825.704322

701.599925 806.812381

615.887125 840.058674

654.788420 873.877149

632.967405 868.994189

686.913791 864.659745

629.239113 831.589646

614.194022 869.742565

685.955476 856.654644

675.749296 837.139679

623.096516 918.020361

640.576293 840.725747

636.451788 776.011077

633.986642 835.768278

698.880790 841.490996

676.782121 860.376143

608.210522 881.326940

634.870448 828.542015

636.837922 908.630272

664.845582 862.929387

680.002437 847.623513

641.453305 805.268296

662.868030 888.150197

628.632961 815.047803

706.205230 808.759473

667.923674 847.945217

656.691464 833.424974

670.866336 858.960694

651.364959 925.629249

608.765831 833.790726

687.797598 857.433481

633.874878 812.921232

648.940351 859.461876

564.876607 827.177408

712.270032 840.637650

658.645349 857.050857

629.537149 892.515102

657.006373 817.272549

616.388307 861.984659

698.027444 828.101754

657.483888 888.045227

685.708282 859.807246

661.797951 857.298051

718.179023 813.821911

629.537149 892.515102

676.392702 861.297204

600.303597 848.669926

675.607071 834.908138

625.321263 889.646949

681.807304 840.786668

618.277762 765.070109

665.549910 845.855901

712.209111 881.868661

594.110159 871.022584

573.247459 874.144725

680.676304 851.165533

640.576293 840.725747

623.001625 818.095435

662.664884 927.149668

639.408038 843.488930

658.398155 860.203458

682.901050 822.792121

691.586812 853.607013

563.908213 924.481376

669.660827 854.108195

710.167128 786.549039

636.854795 831.552392

696.253038 814.323093

684.465518 847.339065

636.218182 835.626054

625.189117 782.106341

666.081552 847.166380

666.261031 857.013602

668.746560 881.949964

686.307640 848.117901

677.523703 850.918339

679.558892 918.006773

637.813110 839.557492

616.029349 842.290214

611.843923 818.806556

689.744690 852.828176

668.035438 870.792263

634.091612 830.384137

609.402444 829.717064

605.823169 822.775249

628.429815 854.047274

652.512831 838.172503

685.139385 850.881084

623.397837 845.405561

702.514192 778.970612

590.141466 865.001830

612.914003 849.658702

636.397661 845.473276

629.919774 863.362854

624.430662 868.642025

681.387425 862.323235

659.833986 938.981237

636.817540 823.936710

622.551286 860.247507

621.501588 914.088923

630.698610 861.520732

607.005012 876.474441

597.652178 870.348717

624.010783 890.178592

662.719012 857.687469

634.030690 871.615148

666.755419 850.708400

634.660509 839.310298

590.635854 858.696627

678.160315 846.844677

670.747778 807.882460

662.119654 869.376814

646.356647 868.140843

655.739942 853.651061

680.256425 872.702100

614.403961 858.974282

652.296098 820.709599

714.007185 846.800628

653.928281 832.256719

630.803580 856.136590

682.704699 890.022780

653.359383 823.330558

641.788597 873.809434

624.400202 889.257531

705.582205 869.295510

632.503478 854.683886

643.407191 828.894178

665.692134 848.087441

621.833370 820.858618

650.453976 819.930762

654.175475 829.104118

630.647768 797.442674

632.151314 863.220629

691.945769 873.301457

677.022521 828.992354

633.573557 885.536033

623.577316 855.252783

640.762566 878.804157

663.369212 910.076182

688.322446 830.512773

706.594648 807.838412

610.990578 805.417314

605.836757 879.237624

700.970106 839.117231

673.599059 880.744455

625.758014 791.032502

660.463805 906.676387

662.095987 918.223507

714.816482 824.343000

574.852465 772.767094

650.237243 802.467858

660.822763 926.370831

638.832347 806.331581

621.630225 859.858088

741.571299 871.483002

721.284291 911.762492

650.379467 804.699399

612.179215 887.347694

638.277038 853.867795

624.058116 792.485206

641.974870 911.887844

666.291492 836.398097

658.008737 861.124519

695.152498 804.086453

647.636666 888.224706

665.302716 849.008502

623.143849 820.326975

697.682075 864.869684

692.453745 923.458630

688.606895 834.975854

673.091083 830.587282

600.557586 873.748513

649.824158 852.235612

667.541050 877.097465

654.991566 834.877678

662.495484 811.993377

634.007024 920.461841

613.669173 896.663274

626.066129 746.648889

736.607037 849.841466

633.678527 880.151891

647.897448 941.534480

648.395121 801.689022

656.129360 852.730000

631.416526 900.909621

641.297493 746.574380

600.334058 828.054421

696.500232 811.170492

599.914179 849.590987

622.043309 810.090334

590.351405 854.233547

627.149797 833.963411

597.855324 831.349246

746.325623 903.892822

651.029667 857.088111

637.311928 817.631507

623.360583 837.789879

632.848847 817.915956

645.018992 755.747736

668.936117 786.488118

651.381831 848.551368

642.567433 871.967312

640.230923 877.493678

653.687881 863.640508

596.446669 865.496218

604.390848 905.768914

689.280762 838.517873

682.789286 799.945075

633.942593 799.921409

613.123942 838.890419

667.571511 856.481960

635.926940 802.931786

639.662026 868.567516

607.269079 796.243959

643.332682 813.662814

685.312069 832.497119

651.950728 857.477530

641.311081 803.036755

699.690088 819.033368

647.331835 799.068063

629.523561 836.052727

650.647043 886.240360

705.897115 853.143085

663.348830 825.382619

698.244178 845.564658

675.051762 882.444352

714.921452 818.958859

725.158092 817.858319

620.319745 860.389731

590.486836 828.233899

607.319922 860.322016

714.223918 864.263532

684.905779 910.496061

627.965888 839.736971

633.620890 787.842646

710.644644 857.321717

663.386084 832.998301

620.875054 812.853517

669.704875 889.955065

601.898525 852.601364

616.889489 883.910644

690.059599 836.675751

615.213258 836.516654

749.525557 806.446629

598.085645 905.274526

673.629519 860.128949

710.465165 847.474495

635.229406 848.236459

687.093270 874.506967

665.638007 917.549640

607.919279 848.632672

624.251183 858.794803

695.257467 798.702311

666.162856 890.628932

691.640939 784.144814

711.162698 802.169821

638.680044 909.409109

625.344929 840.800256

629.073222 878.204799

544.335610 842.378312

645.862259 874.446046

618.694357 877.073799

657.957894 797.046462

716.709446 889.199894

692.297933 864.764715

652.661850 868.635231

674.753726 821.518896

644.260537 842.283420

695.789110 800.012790

624.251183 858.794803

611.275026 809.880395

654.991566 834.877678

650.752013 880.856218

651.913474 849.861848

629.679374 894.746642

609.656432 854.795650

602.460629 833.296338

634.457363 878.309769

650.789267 888.471900

682.975559 838.023485

694.681776 761.544962

656.481524 844.193258

646.288932 881.140667

649.824158 852.235612

677.455987 863.918163

663.579151 899.307899

675.877932 782.908844

671.076276 848.192411

633.648066 900.767396

640.163208 890.493501

678.989994 909.080612

593.534467 833.865235

609.277092 750.407643

639.624772 860.951834

630.024743 857.978712

648.933557 831.230688

606.960964 840.627571

676.646690 886.375790

625.426232 884.262808

624.132626 807.716570

682.823257 941.101013

637.992589 849.404714

659.491901 842.208911

690.807975 855.449135

552.212074 895.650831

680.158249 906.317429

730.295040 821.115890

641.348336 810.652437

669.569445 915.954712

671.083070 876.423598

664.381655 848.619084

646.244883 845.293797

694.238231 831.928222

654.564893 828.183057

664.696564 832.466659

601.607283 819.907096

631.694180 877.141514

619.923533 833.079604

654.317699 831.335658

638.216117 895.098806

673.158798 817.587458

699.270209 840.569935

623.211565 807.327151

674.851901 787.903567

589.911144 791.076551

658.990719 820.282926

608.068298 879.095400

677.246048 874.686446

702.707259 845.280209

656.742306 897.503031

571.286779 822.287655

602.399708 874.527349

632.682957 864.531109

617.272114 854.758395

662.451435 776.146508

611.146390 864.111230

649.089370 889.924604

718.365296 851.900321

654.361747 867.182528

640.958917 811.573498

720.627296 831.142591

650.596200 822.162303

