622.273904 184.272819

688.823902 215.849675

617.594090 201.451274

606.907110 158.198662

667.226414 175.038542

668.177936 195.264629

615.809605 109.920866

625.331614 283.950551

690.330733 283.611976

692.230491 190.523894

699.808919 198.176831

591.235485 221.281149

610.472796 207.719222

707.387346 205.829767

656.475003 252.326362

651.283929 186.121735

613.916640 174.777760

635.737655 169.894801

697.946415 283.649230

654.578754 183.643000

615.003592 221.003495

606.338213 167.124824

687.970556 229.238917

653.068414 277.652143

717.339538 211.393388

636.922783 249.735864

699.673488 172.177184

660.836624 85.455226

631.559023 165.147271

650.826795 172.200850

629.791411 150.694744

628.115179 198.088734

689.294623 173.308184

647.572509 300.604158

670.880198 152.865363

687.940095 208.623411

614.126580 185.546043

647.389745 176.911125

680.046759 184.818049

660.047484 273.615735

727.030948 270.266782

676.548788 148.297313

601.434871 229.997371

618.725091 211.830139

598.245015 237.860247

686.145307 307.095634

656.099173 194.942926

599.531828 189.545197

666.850584 117.655106

634.383128 205.210027

609.395923 266.802556

636.750098 231.351899

636.997292 234.504500

662.905558 172.522553

654.849615 235.642295

626.587967 215.019995

683.747875 260.338257

656.617228 250.094822

669.826991 260.795390

687.804665 182.623764

640.590154 171.100310

620.086413 148.283725

651.629298 222.889665

635.866292 224.125635

654.626087 281.336387

613.811671 169.393618

596.199748 199.639613

602.901163 171.835098

668.387875 206.032913

655.245827 208.332168

639.286469 142.337480

731.507617 214.088856

625.920894 190.330827

654.504245 198.874364

642.073319 190.015918

730.109040 285.250952

684.672446 98.177395

665.926013 279.815968

545.741254 126.516837

658.391634 236.316162

688.441278 186.697426

630.258623 269.924697

701.434307 214.860898

644.179507 269.467564

681.448620 247.196209

643.529307 321.856276

635.107837 137.589951

666.874250 166.501799

612.524858 217.708669

672.238010 251.090392

624.214202 217.109311

672.366646 305.321227

638.951178 210.878618

553.817354 274.015232

604.970097 258.902426

706.540794 190.987822

619.923806 235.208828

602.349138 257.839140

598.214555 217.244742

638.748033 171.879147

590.402521 149.976828

661.087102 222.148083

622.978232 201.346305

625.883639 197.946509

678.045540 110.750546

651.974668 259.657596

678.932631 251.517065

603.680000 173.677220

646.221490 174.147942

592.891334 258.580722

625.660112 243.640601

635.812165 154.663437

658.445762 305.778361

628.159228 162.241864

696.266899 197.502964

577.754861 158.581287

643.183937 285.088346

626.242597 178.252065

602.024151 136.377647

620.394528 192.667337

614.881750 138.541472

683.649700 226.722928

627.959367 256.782649

619.090842 163.904507

700.767234 190.171730

617.489120 196.067133

651.277135 214.352922

621.833643 247.429815

632.510545 185.373359

672.034865 212.090921

643.630992 193.700162

615.474314 178.462004

613.916640 174.777760

677.419006 211.985952

700.994046 278.017895

638.538093 161.110864

660.592714 215.842881

671.916307 263.169155

700.171161 312.022642

626.188470 108.789866

607.025668 107.120429

616.551187 119.378670

612.958325 182.782860

628.602774 232.625124

631.816296 273.608941

614.082531 221.392913

588.485890 165.987029

631.440466 216.225505

587.026393 195.918114

675.322896 237.843375

620.970219 155.509988

651.263547 270.815298

669.457954 175.180767

582.773251 206.401949

546.536963 205.436839

673.233580 235.469610

611.018027 149.946368

595.817124 170.487364

610.472796 207.719222

666.996093 248.963822

624.160075 147.647112

583.206718 171.476140

665.611104 263.663543

682.606796 144.650323

645.967502 199.226528

677.964237 154.213097

618.799600 196.598775

648.737479 169.827085

672.468331 177.165113

600.107519 152.387848

649.269122 168.516606

627.942495 179.704768

588.479096 194.218217

683.290742 246.417372

683.734287 316.800632

677.733915 228.138377

631.755375 232.377930

584.324131 238.317381

608.129492 230.424044

635.978055 201.278589

702.152223 175.472009

632.937218 178.678738

589.474666 178.597434

652.855190 133.343603

655.987409 217.789972

610.134221 142.720104

653.488293 299.188709

637.498474 212.578515

710.878523 270.581692

664.944031 238.974375

712.703773 192.724974

700.804489 182.556048

710.076020 219.892876

693.988026 99.667353

634.613449 131.284748

676.491151 240.606558

641.548470 163.095210

588.672163 127.908619

694.079407 161.513870

592.156546 220.891731

664.178783 180.669878

638.053783 260.114729

633.177618 210.062526

690.164842 236.996823

690.479751 253.149248

616.209102 216.150996

651.375310 247.968252

623.794323 195.572745

662.807382 138.907224

634.105473 181.441921

629.859126 163.694568

590.659794 258.438498

585.529640 233.464882

720.282200 200.377911

702.064126 247.165748

653.004208 102.880875

664.171989 208.901065

624.085566 162.878476

716.889199 169.241316

639.824906 112.795813

687.892762 110.930024

674.903017 216.306808

688.658011 169.234522

668.723166 137.491775

694.814195 199.202862

641.541676 191.326397

665.563771 165.970157

636.269298 168.584321

628.443677 157.778783

683.686954 219.107246

633.672006 216.367729

718.636429 268.387406

590.703842 222.591629

641.670312 245.557232

652.526693 173.653554

659.326284 179.464368

659.079090 176.311767

657.535004 116.165148

630.786981 135.073962

579.058547 187.344117

641.219973 203.405160

641.385864 250.020313

663.355897 214.674625

640.285324 260.256954

684.787494 208.870605

629.672853 201.772978

662.163976 163.064749

623.652099 197.804285

635.873086 195.894448

723.847886 249.898471

662.448424 158.601669

631.305035 190.225858

698.491645 225.876376

624.109232 211.725170

656.227809 249.173761

608.502038 154.267224

640.566488 122.253617

626.056324 216.330475

636.540159 220.583616

591.970273 258.970141

683.886815 124.566460

702.775247 236.008047

598.333113 166.166508

695.413553 210.892206

671.780876 237.169508

708.599650 172.746081

652.641741 284.346764

714.965773 213.482704

684.943307 150.176689

644.237144 177.158319

600.114313 124.156660

669.390239 162.180943

627.299088 203.862294

723.990110 247.666930

600.317459 163.156131

653.992985 115.491281

652.316753 162.885270

717.766211 204.698767

596.297924 233.254942

647.884133 183.216327

667.226414 175.038542

676.721473 166.681278

557.843683 175.685233

669.251299 297.952739

590.141739 203.286602

649.441807 186.900571

637.400299 178.963186

581.784475 193.791544

705.409794 180.608957

685.745810 200.865505

572.468896 192.301585

638.080960 147.189979

616.442708 275.765972

620.116873 168.899230

666.776075 132.886470

673.128610 230.085468

680.039965 213.049237

594.530311 218.802415

692.948407 151.135005

707.096103 238.524036

678.221509 262.674767

615.071307 234.003318

628.033876 241.551285

658.594780 275.315633

688.712138 238.696721

640.928730 236.099428

616.178641 195.535490

601.695653 176.687597

689.639993 210.076115

694.275759 228.744528

662.323072 237.911090

653.705026 281.725805

608.959172 168.188109

660.382775 205.074597

656.915264 189.169366

681.194632 272.274795

644.596102 157.463874

662.292612 217.295584

644.050871 215.236729

692.914437 292.290943

696.205978 156.271953

668.557276 90.876622

588.035551 123.834957

659.275441 243.542425

609.026887 181.187932

669.048154 258.953268

641.924300 220.478646

685.170118 238.022854

698.258039 166.261399

591.892480 140.661249

643.570071 152.469151

650.318819 222.358023

600.483350 209.771284

641.595803 260.788596

589.660939 140.519024

677.957443 182.444285

650.677777 202.663578

664.950825 210.743187

664.920365 190.127682

703.679436 158.540748

625.148851 160.257518

611.790070 180.019677

623.045947 214.346128

632.893169 214.525607

656.901676 245.631741

606.653122 183.277248

606.463565 87.815402

653.816790 258.878759

686.246992 178.939520

624.769511 264.645525

625.971736 126.252770

615.975496 156.536019

639.760475 233.336245

662.831049 187.753917

606.162018 310.512302

641.758410 173.863493

640.590154 171.100310

604.055830 231.060656

627.119609 213.709516

616.987938 217.993118

628.609568 204.393936

619.801964 152.746805

647.122169 258.452086

596.274257 184.408249

615.562411 106.768265

674.012417 237.311732

654.788694 194.411284

670.663464 170.328267

624.363220 186.646583

615.474314 178.462004

595.928887 147.640318

716.499780 168.320255

716.008677 295.555308

605.058194 187.208686

605.484867 180.514066

695.240868 192.508241

703.889375 169.309031

647.196678 243.220722

651.531123 189.274336

658.002216 235.395101

669.464749 146.949579

616.364914 157.457080

653.434166 229.726511

698.369803 143.414353

707.170613 223.292672

709.364898 231.050578

664.134734 216.516747

727.606639 233.109433

573.928393 162.370500

638.703984 207.726016

637.735590 110.422048

677.276782 214.217492

632.886375 242.756795

638.240056 222.036319

712.307560 220.035101

653.329196 224.342369

654.714185 209.642648

600.947277 195.460981

624.363220 186.646583

629.733774 243.003989

