159.957385 709.676325

230.911778 702.859129

163.685790 988.610186

120.936823 822.819578

165.181366 898.267709

173.713973 786.700712

-50.249076 817.041328

309.691331 690.061392

9.564519 882.762967

203.429584 867.885578

260.025767 849.805975

162.947949 652.056393

93.820630 916.257858

194.621016 913.211169

4.372693 767.116761

139.105880 864.651209

119.294494 1015.636337

83.549816 878.741056

194.612830 925.741130

173.745541 982.710914

157.772495 511.350264

186.251533 897.243960

157.550898 972.724246

34.957701 861.311014

80.283879 747.054559

88.336473 759.430169

248.634152 695.448497

164.221928 1023.087897

127.674511 526.813491

102.800508 730.868101

96.746297 835.812594

304.693610 765.956206

54.955594 791.331844

136.578370 946.453481

39.337429 876.238103

130.597829 938.628321

164.801341 502.655707

12.254565 796.491514

194.190704 838.908983

364.313100 640.136826

47.601086 932.029787

167.586092 1004.414858

-70.978385 907.131814

370.366724 658.257357

-6.467587 868.307118

54.207806 836.503083

153.612016 527.309287

233.657949 775.007993

42.011104 815.026573

365.198868 628.086290

255.703925 624.104133

314.315450 575.219686

-29.406930 920.726452

299.688292 731.315958

201.691377 718.801781

149.403012 495.383056

223.768921 763.908122

71.572363 888.150659

74.026203 919.118040

251.347581 817.717207

38.281525 782.222759

189.868275 736.272164

168.903346 820.536461

128.502980 602.472685

99.972481 784.018851

-10.490085 917.386844

-41.717056 828.539355

170.569644 713.194841

137.229106 805.511732

67.111955 752.393137

279.544233 780.704387

163.135630 486.932304

-48.469941 903.475318

93.349977 781.540455

194.143351 544.893681

141.129994 698.251380

225.434045 902.696549

246.845657 867.674515

245.977434 608.535081

279.577563 607.519518

316.752919 631.246990

210.385934 725.830627

182.123210 986.148161

21.403991 840.232662

98.549988 884.656700

51.624758 636.820014

161.834159 768.815802

314.436473 756.465335

167.391987 812.873838

67.729948 661.571234

119.636527 858.573028

123.706964 980.443581

322.855656 574.187752

204.194916 551.524370

176.217513 619.423301

114.713063 698.633166

9.971448 748.524990

195.734218 919.516784

328.925064 690.313384

353.205044 662.555816

212.020077 545.543829

-68.012377 887.101767

123.723335 955.383658

64.487392 738.424899

243.263418 609.331395

129.843617 627.134451

-32.340195 890.636654

346.712335 705.728084

283.997631 682.861824

262.179089 852.121835

153.471688 986.448678

399.692950 602.490230

156.616603 936.889527

-7.694801 914.355939

249.341012 712.927065

6.175798 939.025891

78.073258 832.448429

41.020098 743.836560

117.841608 674.133938

185.512518 806.820214

89.595255 909.391549

314.306678 710.814671

201.536438 833.806024

55.199986 661.563048

-2.712864 740.456025

200.886290 851.682750

333.378461 592.470820

109.186217 973.650355

57.067401 979.362533

63.292921 734.353875

210.896927 920.963246

39.394140 911.593397

264.967362 615.490844

64.917118 935.792108

280.820560 659.475798

110.569543 566.467243

14.651693 792.103601

213.888078 740.278291

251.502519 702.712963

194.832079 956.627242

338.659741 693.352474

59.960912 825.972092

340.561659 591.837043

302.516906 555.100185

224.102181 742.439798

239.801614 655.298948

38.321279 965.702998

-16.909124 847.789460

126.146780 544.210791

-35.070583 916.492891

255.459533 753.872928

315.030496 580.168293

189.412819 822.624886

188.698361 694.611255

146.524697 869.843621

61.001032 821.982336

253.232541 864.326722

313.762942 565.801898

67.428843 755.984736

76.920301 642.662575

234.089435 603.180132

303.703191 571.701170

4.632283 858.418090

199.108329 519.118713

239.378313 814.596848

78.837416 762.217268

155.821463 688.045464

234.544891 516.827410

77.658729 856.151344

252.168451 782.841338

-33.721173 805.559671

32.511460 940.878696

263.706820 834.724535

81.144503 895.658930

318.036257 743.618485

174.892660 692.766636

247.910920 703.029852

43.319586 766.743161

-18.949022 916.184188

43.912435 836.576166

205.851268 825.907781

76.237411 710.659145

245.303316 540.936667

63.081858 690.937801

155.040933 783.336548

173.114112 483.267622

65.357377 628.369262

139.974690 1000.725619

352.514555 620.017325

171.145535 931.152791

67.614763 960.055717

175.004909 1009.607270

249.860778 772.464699

-58.188247 875.376305

-40.547141 870.200264

201.129508 968.044001

-30.194472 782.417451

54.679633 725.090438

-14.016200 817.464041

77.269345 719.199351

-2.948484 734.629835

99.728675 790.722623

-59.488543 911.129756

8.671152 784.278441

206.599056 780.736543

195.458258 853.275378

288.621164 691.085141

269.582709 636.244123

179.109263 835.227930

104.245796 961.835439

212.410048 559.430799

217.991845 688.963974

180.791345 825.891410

67.054656 840.102867

171.432030 492.604142

174.722524 586.700755

241.678976 591.373401

154.894180 885.810830

75.278560 712.414311

109.487322 879.236853

16.634293 811.418603

150.481711 921.003587

41.474380 903.613885

284.517984 619.334434

203.762256 969.482278

191.908174 667.877436

-11.383452 818.902318

115.159160 870.940453

124.219132 929.446153

132.126734 675.100974

98.941134 652.413622

173.591776 851.585110

51.624758 636.820014

310.382406 609.534860

199.091958 544.178635

6.663996 802.553323

72.044190 776.738014

77.211459 929.974104

175.348703 483.348891

255.020448 815.165727

141.171509 512.536550

249.316455 750.516950

148.525429 494.903630

71.620890 936.035914

214.034244 760.869032

156.852223 942.715716

149.231702 635.447222

73.726273 767.401495

186.407645 536.109670

261.668095 656.989216

179.051964 922.937660

381.482965 623.308406

188.105511 624.778251

183.326453 854.624200

238.736938 696.878588

204.664395 932.371819

169.317287 919.898570

343.193819 716.340343

76.886972 815.847444

-34.168443 879.382432

51.754553 682.470678

21.566528 835.763480

274.507347 550.053938

42.482931 703.613928

74.952312 967.482720

73.222877 682.803938

226.305203 546.510866

30.213146 671.842048

184.764730 851.991453

-35.314388 923.196662

150.278246 988.122575

62.756784 699.876164

38.670909 919.174752

256.801344 532.404647

121.888662 587.464327

93.706620 968.612294

75.342870 858.304666

108.496902 684.981817

163.988069 648.066637

5.070781 920.190314

70.785409 626.776634

28.392497 771.122888

71.662404 750.321083

44.879472 822.291039

86.402987 664.935398

291.895874 687.176654

162.500092 848.944177

90.034926 725.033726

75.457468 682.885206

152.676548 737.604615

191.452131 877.295181

98.257069 966.540240

374.714296 600.239268

237.738333 515.153513

2.828592 809.573984

228.554404 890.727282

290.506710 614.629633

13.099406 847.090785

376.607441 634.318822

108.316820 960.640968

186.227563 811.768821

-36.045218 820.242955

137.244303 1026.581856

152.114680 986.846835

202.285400 542.504739

-15.203072 923.928079

119.726568 720.743453

180.263393 778.883738

28.075021 890.596313

31.456144 723.798327

169.821270 881.431103

232.479849 745.877046

309.780785 675.296840

89.464873 986.805908

63.406932 681.999438

227.815389 800.303536

310.691109 625.656420

121.814405 823.299003

201.667407 633.326642

141.024169 738.075855

229.823132 658.963630

10.792319 713.649122

222.379758 691.361102

219.535947 646.506751

16.682819 859.303858

118.321620 550.191331

212.921042 754.563417

138.544599 990.828406

44.994069 646.871579

109.097937 742.284860

61.878027 945.526785

51.534130 897.714613

96.853296 549.858072

370.301826 635.432025

185.432423 562.924758

-6.093400 784.188987

118.256136 650.431023

-9.295027 798.392845

182.537738 962.445246

324.578079 625.266449

22.915938 724.830261

38.428278 679.748477

71.971107 766.442644

282.542983 710.554494

-30.763938 921.124609

345.363513 693.596279

13.709213 768.798843

389.080691 598.971714

55.044461 899.632315

-44.723991 911.219210

196.239962 511.854247

164.628857 888.849920

104.824035 687.533296

194.759583 823.266848

127.617799 491.458197

52.623363 818.545089

226.776443 558.163245

259.596042 652.438766

163.913225 1006.966337

1.504326 759.852295

381.946019 647.490746

190.607877 703.630886

55.930816 764.516756

-11.610886 800.546167

133.459773 589.227678

260.075467 651.561183

244.668365 779.883517

197.091813 796.053603

230.415394 851.861658

49.601231 680.154819

141.169161 1004.796644

266.795023 749.810090

159.413649 564.663552

200.180604 588.074135

70.386665 748.484650

218.551952 808.916824

24.451854 694.903000

234.438479 679.716908

287.824849 688.371125

272.613614 639.039408

230.522393 565.907136

22.737030 754.359365

335.482670 669.966448

228.448579 930.551757

331.565997 679.221699

31.601723 867.454092

163.874645 577.356050

92.205207 579.224639

138.165161 472.151381

194.549694 533.720728

211.709613 898.617339

157.210040 883.657508

252.177224 647.246354

-52.866039 913.608152

43.944590 909.521343

40.467002 857.483796

224.412058 512.431312

114.492640 913.877101

81.884105 863.017653

37.972822 766.101198

