-475.000000 346.000000 9127271
-492.833333 357.333333 9127271
-494.000000 341.833333 9127271
-460.666667 402.000000 9127271
-482.500000 356.500000 9127271
-526.166667 354.666667 9127271
-539.166667 342.333333 9127271
-466.833333 334.000000 9127271
-449.333333 341.833333 9127271
-480.000000 348.666667 9127271
-502.166667 386.833333 9127271
-477.500000 329.333333 9127271
-454.000000 406.000000 9127271
-441.166667 361.666667 9127271
-461.833333 354.333333 9127271
-505.333333 355.833333 9127271
-454.833333 388.666667 9127271
-463.000000 384.833333 9127271
-526.166667 326.666667 9127271
-524.166667 333.666667 9127271
-448.166667 397.833333 9127271
-454.166667 377.833333 9127271
-469.333333 347.166667 9127271
-500.666667 403.833333 9127271
-537.333333 345.500000 9127271
-433.666667 390.166667 9127271
-500.666667 402.666667 9127271
-465.333333 398.333333 9127271
-467.500000 345.166667 9127271
-520.166667 371.166667 9127271
-446.000000 386.500000 9127271
-503.833333 352.833333 9127271
-441.166667 344.166667 9127271
-433.166667 374.833333 9127271
-472.500000 411.666667 9127271
-485.500000 393.500000 9127271
-424.166667 386.166667 9127271
-469.500000 371.833333 9127271
-494.000000 350.166667 9127271
-484.833333 401.500000 9127271
-507.333333 333.833333 9127271
-518.000000 391.500000 9127271
-500.166667 357.666667 9127271
-442.000000 396.666667 9127271
-463.666667 294.500000 9127271
-512.333333 368.166667 9127271
-456.500000 370.833333 9127271
-507.333333 379.166667 9127271
-439.666667 303.000000 9127271
-500.500000 387.166667 9127271
-533.000000 365.833333 9127271
-451.500000 374.000000 9127271
-465.333333 392.833333 9127271
-451.833333 324.333333 9127271
-531.333333 373.666667 9127271
-493.500000 342.833333 9127271
-451.166667 402.500000 9127271
-438.000000 390.833333 9127271
-489.166667 339.500000 9127271
-522.833333 371.666667 9127271
-503.166667 381.000000 9127271
-488.333333 367.666667 9127271
-510.666667 392.833333 9127271
-476.833333 411.166667 9127271
-509.500000 375.500000 9127271
-511.333333 353.000000 9127271
-525.666667 373.333333 9127271
-470.333333 339.166667 9127271
-427.500000 381.333333 9127271
-442.333333 398.000000 9127271
-427.500000 390.500000 9127271
-435.666667 316.833333 9127271
-504.333333 366.166667 9127271
-488.666667 333.166667 9127271
-491.500000 361.833333 9127271
-481.166667 372.166667 9127271
-468.833333 382.833333 9127271
-502.833333 382.333333 9127271
-434.666667 383.166667 9127271
-537.500000 327.166667 9127271
-473.500000 381.333333 9127271
-522.833333 356.833333 9127271
-512.000000 395.500000 9127271
-448.166667 381.500000 9127271
-492.666667 330.500000 9127271
-455.000000 373.500000 9127271
-489.666667 394.833333 9127271
-477.833333 393.833333 9127271
-481.666667 382.000000 9127271
-507.166667 339.833333 9127271
-461.500000 469.166667 8070086
-427.833333 466.666667 8070086
-451.333333 445.666667 8070086
-471.000000 421.000000 8070086
-449.166667 446.500000 8070086
-440.333333 483.500000 8070086
-438.333333 436.333333 8070086
-462.166667 419.666667 8070086
-459.666667 424.666667 8070086
-430.166667 419.000000 8070086
-510.500000 430.666667 8070086
-507.833333 463.500000 8070086
-499.666667 501.333333 8070086
-464.833333 443.833333 8070086
-413.500000 444.833333 8070086
-480.000000 433.666667 8070086
-500.500000 420.166667 8070086
-485.333333 432.166667 8070086
-473.833333 431.666667 8070086
-433.000000 459.000000 8070086
-498.333333 446.666667 8070086
-460.833333 446.833333 8070086
-514.333333 468.333333 8070086
-465.000000 516.000000 8070086
-484.833333 418.833333 8070086
-422.333333 462.333333 8070086
-481.500000 488.500000 8070086
-413.166667 445.333333 8070086
-495.000000 413.333333 8070086
-494.833333 423.166667 8070086
-446.500000 420.833333 8070086
-434.333333 422.000000 8070086
-490.666667 413.500000 8070086
-431.833333 454.000000 8070086
-497.500000 490.000000 8070086
-447.833333 450.000000 8070086
-460.333333 428.666667 8070086
-408.333333 453.333333 8070086
-468.500000 448.333333 8070086
-418.833333 425.500000 8070086
-505.833333 426.000000 8070086
-511.666667 446.833333 8070086
-434.333333 412.500000 8070086
-433.500000 418.000000 8070086
-415.000000 438.666667 8070086
-399.000000 459.666667 8070086
-443.000000 467.500000 8070086
-504.166667 429.333333 8070086
-444.333333 432.000000 8070086
-498.833333 427.666667 8070086
-487.833333 467.500000 8070086
-466.500000 432.500000 8070086
-446.666667 451.166667 8070086
-427.833333 457.166667 8070086
-485.833333 428.166667 8070086
-458.333333 412.000000 8070086
-450.500000 461.666667 8070086
-732.000000 406.333333 3971177
-710.833333 403.166667 3971177
-720.166667 344.333333 3971177
-711.000000 371.833333 3971177
-723.500000 381.000000 3971177
-720.333333 412.333333 3971177
-674.000000 404.833333 3971177
-711.833333 426.666667 3971177
-685.833333 387.333333 3971177
-714.500000 361.500000 3971177
-720.166667 377.500000 3971177
-754.833333 403.666667 3971177
-695.166667 358.666667 3971177
-750.833333 379.666667 3971177
-707.666667 386.833333 3971177
-714.000000 412.333333 3971177
-750.666667 373.000000 3971177
-718.500000 428.000000 3971177
-683.666667 442.166667 3971177
-735.833333 397.500000 3971177
-674.333333 385.500000 3971177
-706.833333 372.500000 3971177
-677.000000 439.166667 3971177
-676.833333 408.333333 3971177
-709.000000 455.833333 3971177
-671.000000 396.666667 3971177
-697.000000 395.166667 3971177
-680.166667 406.166667 3971177
-769.666667 357.833333 3971177
-725.833333 417.666667 3971177
-680.166667 422.000000 3971177
-708.833333 454.000000 3971177
-775.333333 361.333333 3971177
-713.333333 400.000000 3971177
-721.500000 416.333333 3971177
-697.000000 374.666667 3971177
-737.166667 369.500000 3971177
-667.333333 403.166667 3971177
-761.166667 428.000000 3971177
-736.500000 445.000000 3971177
-738.333333 393.833333 3971177
-708.666667 407.500000 3971177
-347.833333 429.333333 3360883
-297.833333 386.500000 3360883
-408.500000 410.166667 3360883
-385.000000 432.000000 3360883
-302.833333 429.000000 3360883
-389.000000 416.666667 3360883
-402.333333 401.666667 3360883
-385.666667 408.166667 3360883
-336.666667 394.500000 3360883
-337.166667 382.166667 3360883
-356.333333 405.166667 3360883
-404.166667 415.666667 3360883
-331.833333 404.000000 3360883
-351.000000 485.500000 3360883
-336.833333 442.833333 3360883
-387.500000 431.500000 3360883
-399.166667 422.333333 3360883
-360.000000 377.666667 3360883
-384.666667 388.833333 3360883
-304.333333 428.333333 3360883
-357.166667 442.833333 3360883
-321.000000 468.333333 3360883
-379.500000 377.333333 3360883
-379.833333 390.666667 3360883
-337.833333 411.333333 3360883
-379.833333 433.500000 3360883
-374.833333 406.166667 3360883
-377.000000 390.166667 3360883
-320.333333 407.333333 3360883
-589.166667 412.833333 11590737
-545.833333 412.500000 11590737
-538.666667 387.500000 11590737
-646.166667 428.666667 11590737
-561.166667 413.000000 11590737
-597.666667 428.333333 11590737
-597.666667 376.333333 11590737
-582.000000 351.500000 11590737
-616.833333 415.000000 11590737
-573.833333 453.666667 11590737
-536.500000 451.500000 11590737
-555.166667 435.666667 11590737
-563.833333 434.333333 11590737
-572.166667 392.833333 11590737
-630.500000 372.333333 11590737
-589.166667 397.500000 11590737
-641.333333 447.666667 11590737
-636.833333 439.500000 11590737
-620.166667 442.500000 11590737
-597.500000 351.166667 11590737
-599.000000 361.500000 11590737
-617.000000 385.000000 11590737
-595.666667 385.833333 11590737
-598.166667 429.000000 11590737
-576.500000 444.500000 11590737
-616.500000 404.000000 11590737
-553.833333 411.666667 11590737
-540.000000 424.000000 11590737
-572.500000 422.166667 11590737
-525.000000 422.166667 11590737
-601.833333 431.500000 11590737
-576.333333 394.666667 11590737
-553.833333 403.833333 11590737
-600.000000 367.500000 11590737
-597.000000 363.333333 11590737
-594.333333 457.666667 11590737
-572.333333 426.166667 11590737
-609.500000 360.166667 11590737
-542.166667 398.000000 11590737
-571.000000 391.166667 11590737
-553.500000 379.000000 11590737
-571.500000 431.500000 11590737
-571.833333 403.833333 11590737
-573.833333 378.000000 11590737
-618.833333 439.500000 11590737
-564.500000 412.500000 11590737
-580.666667 440.666667 11590737
-554.166667 359.333333 11590737
-577.166667 451.500000 11590737
-525.666667 398.500000 11590737
-629.333333 370.500000 11590737
-572.500000 439.166667 11590737
-570.500000 384.333333 11590737
-554.500000 429.833333 11590737
-583.000000 416.833333 11590737
-627.000000 424.333333 11590737
-602.666667 431.500000 11590737
-566.000000 421.500000 11590737
-643.666667 407.000000 11590737
-601.833333 367.666667 11590737
-562.500000 467.500000 11590737
-552.000000 412.333333 11590737
-592.666667 405.000000 11590737
-612.166667 364.000000 11590737
-637.000000 375.666667 11590737
-571.833333 403.000000 11590737
-551.666667 404.000000 11590737
-586.000000 452.666667 11590737
-532.666667 421.166667 11590737
-536.000000 401.666667 11590737
-592.333333 351.000000 11590737
-567.000000 371.833333 11590737
-574.333333 385.833333 11590737
-587.000000 474.666667 11590737
-641.500000 413.500000 11590737
-591.000000 392.833333 11590737
-603.000000 377.500000 11590737
-536.000000 410.666667 11590737
-586.500000 401.000000 11590737
-652.666667 429.166667 11590737
-616.666667 373.833333 11590737
-614.833333 462.000000 11590737
-638.166667 401.500000 11590737
-603.000000 376.333333 11590737
-620.666667 400.500000 11590737
-558.333333 416.833333 11590737
-614.166667 445.000000 11590737
-580.500000 398.666667 11590737
-596.333333 404.333333 11590737
-626.166667 421.666667 11590737
-535.166667 403.000000 11590737
-651.500000 397.333333 11590737
-568.166667 414.666667 11590737
-572.333333 362.500000 11590737
-609.000000 452.833333 11590737
-605.000000 420.166667 11590737
-593.000000 390.500000 11590737
-548.500000 386.666667 11590737
-607.833333 381.166667 11590737
-581.500000 365.833333 11590737
-575.333333 459.666667 11590737
-622.500000 422.333333 11590737
-566.000000 353.500000 11590737
-582.500000 424.666667 11590737
-587.666667 393.166667 11590737
-629.000000 422.833333 11590737
-630.166667 390.166667 11590737
-626.000000 453.833333 11590737
-549.833333 387.833333 11590737
-640.833333 428.500000 11590737
-569.166667 368.666667 11590737
-631.833333 399.666667 11590737
-627.833333 444.166667 11590737
-570.500000 370.166667 11590737
-596.500000 377.000000 11590737
-570.666667 376.333333 11590737
-583.833333 400.166667 11590737
-633.000000 372.500000 11590737
-558.000000 419.833333 11590737
-538.833333 398.166667 11590737
-592.666667 463.500000 11590737
-649.333333 394.500000 11590737
-579.833333 436.500000 11590737
-624.666667 405.500000 11590737
-554.166667 407.000000 11590737
-586.666667 399.500000 11590737
-546.333333 415.333333 11590737
-619.500000 413.666667 11590737
-570.000000 355.000000 11590737
-582.500000 478.333333 11590737
-619.666667 384.833333 11590737
-568.833333 406.500000 11590737
-614.666667 353.000000 11590737
-550.833333 379.833333 11590737
-627.000000 361.500000 11590737
-616.333333 442.833333 11590737
-639.166667 388.666667 11590737
-595.000000 372.666667 11590737
-555.500000 402.500000 11590737
-526.500000 421.000000 11590737
-545.166667 388.000000 11590737
-563.666667 434.500000 11590737
-570.333333 399.166667 11590737
-640.000000 426.166667 11590737
-650.333333 434.500000 11590737
-584.000000 367.666667 11590737
-599.833333 392.833333 11590737
-592.166667 350.333333 11590737
-612.000000 413.000000 11590737
-554.833333 407.000000 11590737
-548.833333 433.333333 11590737
-559.500000 458.833333 11590737
-594.666667 370.333333 11590737
-526.000000 495.333333 4807935
-567.166667 486.166667 4807935
-543.666667 502.500000 4807935
-566.333333 488.500000 4807935
-509.166667 523.500000 4807935
-526.833333 514.833333 4807935
-528.000000 450.333333 4807935
-536.666667 453.833333 4807935
-522.000000 547.000000 4807935
-529.000000 468.666667 4807935
-538.000000 478.000000 4807935
-562.666667 476.000000 4807935
-527.500000 439.000000 4807935
-582.166667 479.833333 4807935
-529.333333 496.833333 4807935
-520.666667 430.166667 4807935
-555.166667 471.666667 4807935
-523.666667 447.000000 4807935
-528.666667 447.833333 4807935
-643.833333 366.166667 15242314
-664.666667 419.166667 15242314
-678.000000 355.333333 15242314
-661.000000 423.833333 15242314
-661.166667 326.666667 15242314
-653.000000 315.666667 15242314
-644.000000 334.833333 15242314
-648.666667 370.666667 15242314
-632.666667 361.000000 15242314
-694.500000 328.666667 15242314
-658.000000 426.500000 15242314
-648.333333 349.833333 15242314
-679.833333 350.666667 15242314
-627.166667 344.000000 15242314
-664.000000 369.500000 15242314
-634.166667 354.000000 15242314
-593.166667 333.333333 15242314
-642.666667 367.500000 15242314
-631.333333 356.500000 15242314
-611.166667 334.333333 15242314
-628.833333 329.666667 15242314
-681.833333 346.166667 15242314
-674.166667 341.166667 15242314
-655.500000 425.666667 15242314
-630.333333 344.666667 15242314
-657.000000 381.500000 15242314
-660.166667 408.166667 15242314
-640.833333 326.333333 15242314
-687.500000 346.000000 15242314
-657.000000 418.833333 15242314
-371.500000 356.333333 5593324
-409.166667 377.333333 5593324
-404.000000 376.000000 5593324
-357.333333 342.500000 5593324
-382.333333 361.333333 5593324
-388.166667 322.333333 5593324
-400.000000 353.000000 5593324
-397.500000 351.666667 5593324
-416.000000 399.333333 5593324
-377.166667 344.833333 5593324
-381.500000 347.833333 5593324
-410.166667 377.500000 5593324
-630.000000 469.833333 9314089
-672.333333 481.166667 9314089
-603.000000 500.666667 9314089
-670.666667 440.166667 9314089
-597.333333 488.666667 9314089
-592.833333 511.333333 9314089
-599.833333 505.000000 9314089
-638.666667 503.166667 9314089
-695.500000 476.666667 9314089
-661.000000 434.500000 9314089
-639.500000 512.833333 9314089
-654.666667 447.166667 9314089
-660.833333 447.333333 9314089
-669.500000 494.000000 9314089
-588.333333 283.166667 15236301
-557.500000 323.166667 15236301
-602.666667 289.000000 15236301
-548.333333 331.500000 15236301
-626.333333 302.166667 15236301
-593.833333 277.666667 15236301
-563.333333 317.500000 15236301
-572.000000 344.000000 15236301
-547.333333 320.500000 15236301
-421.166667 415.833333 1792186
-420.000000 408.333333 1792186
-431.333333 409.500000 1792186
-415.000000 410.166667 1792186
-701.166667 484.833333 8312747
-692.666667 523.833333 8312747
-692.333333 518.000000 8312747
-704.000000 486.166667 8312747
-503.333333 405.666667 11616754
-510.666667 424.666667 11616754
-519.333333 396.500000 11616754
-541.000000 364.833333 11616754
-522.833333 395.166667 11616754
-519.666667 405.500000 11616754
-504.500000 409.666667 11616754
-532.833333 378.000000 11616754
-542.833333 355.833333 11616754
-509.833333 418.666667 11616754
-505.500000 417.666667 11616754
-513.833333 411.666667 11616754
-549.000000 349.500000 12001019
-255.000000 399.666667 14854627
-416.833333 299.333333 4579654
-422.000000 260.000000 4579654
-809.833333 424.166667 6226044
-821.666667 381.333333 6226044
-807.500000 373.500000 6226044
-806.333333 401.000000 6226044
-806.333333 490.000000 6226044
-318.000000 308.833333 13656770
-309.000000 492.666667 2099284
-699.666667 308.000000 11610104
-703.500000 312.666667 11610104
-707.500000 320.000000 11610104
-736.000000 329.000000 11610104
-758.500000 334.833333 11610104
-705.833333 312.666667 11610104
-833.833333 312.166667 1450779
-787.833333 356.500000 1450779
-787.833333 336.333333 1450779
-779.333333 492.500000 1501672
-385.833333 499.333333 9489895
-242.000000 317.833333 15680397
-762.500000 286.500000 921462
-437.000000 541.166667 5383514
606.000000 351.166667 10287406
614.000000 302.666667 10287406
652.833333 354.500000 10287406
636.000000 363.666667 10287406
566.166667 360.833333 10287406
615.833333 385.833333 10287406
618.166667 400.500000 10287406
612.666667 368.500000 10287406
601.333333 324.666667 10287406
647.833333 372.000000 10287406
578.000000 300.166667 10287406
576.500000 308.166667 10287406
594.166667 350.666667 10287406
609.666667 364.500000 10287406
616.666667 364.666667 10287406
600.333333 384.333333 10287406
586.500000 380.000000 10287406
599.666667 373.000000 10287406
609.500000 346.333333 10287406
623.500000 333.166667 10287406
611.833333 338.166667 10287406
659.833333 341.333333 10287406
641.666667 335.166667 10287406
558.833333 349.500000 10287406
580.833333 374.833333 10287406
569.000000 375.000000 10287406
645.333333 393.666667 10287406
666.166667 343.333333 10287406
567.166667 320.833333 10287406
631.666667 378.500000 10287406
590.833333 348.333333 10287406
563.333333 311.166667 10287406
589.333333 375.333333 10287406
623.333333 323.333333 10287406
559.333333 360.166667 10287406
608.166667 392.833333 10287406
652.166667 333.500000 10287406
555.166667 391.833333 10287406
611.000000 365.333333 10287406
610.166667 385.000000 10287406
580.166667 346.333333 10287406
654.500000 316.333333 10287406
582.333333 374.833333 10287406
650.000000 327.833333 10287406
661.000000 381.500000 10287406
609.666667 409.333333 10287406
645.166667 359.166667 10287406
551.666667 353.666667 10287406
574.833333 377.833333 10287406
606.500000 389.000000 10287406
631.000000 391.666667 10287406
554.833333 358.666667 10287406
634.333333 392.333333 10287406
562.333333 319.833333 10287406
555.333333 327.833333 10287406
639.166667 361.166667 10287406
601.833333 386.166667 10287406
614.666667 329.833333 10287406
604.000000 413.666667 10287406
575.000000 386.666667 10287406
581.333333 351.166667 10287406
608.500000 402.000000 10287406
648.000000 396.500000 10287406
632.000000 344.500000 10287406
607.833333 334.166667 10287406
595.666667 387.000000 10287406
573.333333 408.500000 10287406
554.000000 369.500000 10287406
562.000000 340.666667 10287406
606.500000 379.000000 10287406
622.833333 379.000000 10287406
569.500000 391.833333 10287406
615.833333 345.000000 10287406
564.166667 372.000000 10287406
552.166667 369.000000 10287406
601.833333 377.666667 10287406
607.166667 379.000000 10287406
576.500000 400.500000 10287406
606.833333 317.666667 10287406
625.166667 356.833333 10287406
586.833333 401.166667 10287406
617.166667 380.166667 10287406
641.166667 357.166667 10287406
563.333333 355.166667 10287406
663.333333 371.666667 10287406
562.166667 398.666667 10287406
585.500000 357.000000 10287406
577.333333 350.833333 10287406
595.833333 386.500000 10287406
588.166667 328.000000 10287406
625.000000 412.000000 10287406
638.666667 385.833333 10287406
570.000000 406.000000 10287406
640.333333 343.666667 10287406
609.166667 386.166667 10287406
578.166667 356.166667 10287406
599.000000 342.833333 10287406
581.666667 393.833333 10287406
611.833333 388.666667 10287406
561.833333 400.000000 10287406
632.666667 405.500000 10287406
553.833333 384.666667 10287406
638.333333 368.166667 10287406
593.000000 344.833333 10287406
604.833333 405.833333 10287406
645.500000 355.500000 10287406
665.833333 378.833333 10287406
621.666667 399.000000 10287406
665.500000 365.833333 10287406
530.833333 422.500000 15561315
497.833333 384.166667 15561315
491.000000 456.833333 15561315
535.666667 376.500000 15561315
507.166667 464.500000 15561315
511.833333 390.666667 15561315
524.000000 407.000000 15561315
582.333333 460.833333 15561315
475.833333 453.166667 15561315
542.166667 404.166667 15561315
470.500000 444.000000 15561315
531.833333 465.666667 15561315
491.666667 411.000000 15561315
478.500000 429.833333 15561315
571.333333 432.500000 15561315
540.833333 399.500000 15561315
548.833333 478.500000 15561315
513.000000 419.500000 15561315
502.000000 415.666667 15561315
493.500000 454.166667 15561315
539.000000 358.333333 15561315
481.500000 405.500000 15561315
474.333333 394.833333 15561315
487.000000 387.833333 15561315
539.666667 395.166667 15561315
501.666667 425.000000 15561315
524.333333 398.000000 15561315
513.333333 372.166667 15561315
500.666667 399.833333 15561315
521.833333 421.666667 15561315
498.500000 366.500000 15561315
537.333333 385.500000 15561315
483.166667 441.833333 15561315
496.500000 398.000000 15561315
507.333333 460.166667 15561315
530.666667 403.000000 15561315
559.833333 425.833333 15561315
488.000000 373.666667 15561315
572.666667 446.833333 15561315
543.666667 453.833333 15561315
555.333333 436.500000 15561315
507.000000 393.500000 15561315
510.500000 429.333333 15561315
491.666667 423.000000 15561315
576.166667 411.333333 15561315
539.500000 359.166667 15561315
475.333333 449.833333 15561315
533.666667 404.833333 15561315
589.000000 415.000000 15561315
569.666667 453.833333 15561315
592.333333 429.000000 15561315
530.000000 371.833333 15561315
577.166667 416.666667 15561315
500.333333 396.666667 15561315
529.000000 427.500000 15561315
569.666667 435.833333 15561315
539.000000 414.166667 15561315
505.166667 407.000000 15561315
477.833333 392.166667 15561315
504.500000 398.666667 15561315
532.333333 388.833333 15561315
465.333333 421.833333 15561315
497.333333 450.333333 15561315
527.666667 379.666667 15561315
518.666667 418.500000 15561315
493.500000 465.166667 15561315
529.166667 442.500000 15561315
467.166667 414.333333 15561315
583.500000 422.833333 15561315
489.500000 411.833333 15561315
554.333333 480.666667 15561315
469.500000 433.666667 15561315
508.833333 381.333333 15561315
511.833333 411.500000 15561315
561.666667 403.166667 15561315
572.000000 439.500000 15561315
480.833333 459.500000 15561315
488.000000 412.000000 15561315
504.500000 364.666667 15561315
493.166667 401.666667 15561315
529.666667 428.833333 15561315
472.000000 396.333333 15561315
507.166667 388.666667 15561315
552.333333 473.500000 15561315
527.166667 436.166667 15561315
583.500000 448.666667 15561315
577.333333 444.000000 15561315
508.333333 401.333333 15561315
517.666667 405.333333 15561315
468.000000 409.333333 15561315
487.333333 440.333333 15561315
503.166667 441.666667 15561315
474.666667 392.166667 15561315
534.666667 388.666667 15561315
512.333333 370.166667 15561315
482.666667 439.833333 15561315
538.500000 452.333333 15561315
497.166667 442.833333 15561315
565.333333 466.666667 15561315
494.833333 399.333333 15561315
585.166667 437.000000 15561315
503.333333 436.666667 15561315
563.500000 458.666667 15561315
536.166667 370.833333 15561315
487.000000 456.500000 15561315
524.500000 408.833333 15561315
512.000000 455.333333 15561315
481.500000 434.500000 15561315
494.666667 465.166667 15561315
488.833333 384.666667 15561315
503.833333 452.166667 15561315
507.666667 400.666667 15561315
472.000000 417.333333 15561315
500.666667 412.500000 15561315
552.333333 412.666667 15561315
527.166667 380.166667 15561315
521.833333 382.000000 15561315
478.000000 460.000000 15561315
519.833333 389.500000 15561315
522.833333 446.166667 15561315
517.333333 368.333333 15561315
539.666667 418.833333 15561315
560.333333 421.500000 15561315
567.166667 427.666667 15561315
548.333333 433.166667 15561315
553.500000 428.666667 15561315
489.833333 308.333333 14467635
482.500000 360.166667 14467635
470.333333 342.333333 14467635
494.333333 360.666667 14467635
508.166667 354.333333 14467635
482.666667 361.333333 14467635
494.666667 363.666667 14467635
465.333333 303.833333 14467635
486.666667 354.500000 14467635
518.833333 347.833333 14467635
521.666667 351.833333 14467635
506.833333 335.666667 14467635
532.000000 317.000000 14467635
464.166667 357.166667 14467635
540.500000 327.666667 14467635
477.500000 302.500000 14467635
547.500000 320.000000 14467635
461.166667 360.166667 14467635
492.333333 352.000000 14467635
512.833333 342.333333 14467635
511.666667 357.666667 14467635
542.000000 322.500000 14467635
507.000000 355.666667 14467635
504.500000 328.500000 14467635
458.333333 312.000000 14467635
476.500000 369.000000 14467635
524.333333 347.166667 14467635
521.333333 357.166667 14467635
517.833333 331.666667 14467635
434.000000 299.833333 14467635
454.833333 347.833333 14467635
463.833333 299.833333 14467635
444.666667 353.000000 14467635
520.000000 340.000000 14467635
525.000000 338.166667 14467635
484.833333 356.500000 14467635
529.500000 343.833333 14467635
423.500000 420.000000 15718303
376.666667 406.000000 15718303
433.166667 399.500000 15718303
427.000000 424.000000 15718303
443.166667 401.333333 15718303
424.500000 427.333333 15718303
457.833333 380.833333 15718303
432.666667 397.833333 15718303
430.666667 381.166667 15718303
428.833333 411.500000 15718303
382.000000 408.500000 15718303
475.166667 379.166667 15718303
413.333333 396.000000 15718303
432.333333 431.166667 15718303
450.166667 382.833333 15718303
403.666667 384.166667 15718303
436.666667 369.833333 15718303
392.833333 445.666667 15718303
431.833333 377.000000 15718303
457.166667 367.500000 15718303
440.833333 429.333333 15718303
427.333333 417.500000 15718303
421.500000 409.000000 15718303
467.333333 385.666667 15718303
366.666667 387.666667 15718303
457.666667 460.500000 15718303
431.833333 386.666667 15718303
417.333333 380.166667 15718303
365.000000 416.500000 15718303
449.000000 363.500000 15718303
435.333333 386.333333 15718303
394.500000 396.000000 15718303
449.166667 425.833333 15718303
435.166667 447.166667 15718303
441.666667 437.333333 15718303
440.000000 396.833333 15718303
416.833333 418.166667 15718303
423.833333 424.666667 15718303
465.666667 433.666667 15718303
431.166667 480.333333 15718303
365.333333 416.833333 15718303
439.666667 428.000000 15718303
414.500000 481.333333 15718303
382.833333 415.500000 15718303
420.166667 417.833333 15718303
376.833333 393.833333 15718303
440.166667 365.833333 15718303
443.500000 392.333333 15718303
389.833333 458.166667 15718303
421.666667 399.500000 15718303
414.833333 404.166667 15718303
461.166667 420.666667 15718303
448.500000 419.500000 15718303
426.500000 369.666667 15718303
393.666667 421.833333 15718303
462.333333 423.500000 15718303
459.000000 406.000000 15718303
402.500000 397.000000 15718303
448.833333 480.666667 15718303
463.333333 404.833333 15718303
400.000000 461.333333 15718303
414.166667 428.333333 15718303
341.500000 485.000000 10994889
376.166667 478.833333 10994889
354.833333 440.666667 10994889
385.000000 477.000000 10994889
336.666667 434.000000 10994889
339.000000 441.833333 10994889
345.833333 436.000000 10994889
285.833333 457.000000 10994889
353.166667 432.500000 10994889
354.666667 482.333333 10994889
341.833333 454.833333 10994889
674.000000 364.333333 6817690
675.666667 427.833333 6817690
672.500000 320.000000 6817690
650.666667 420.666667 6817690
709.666667 394.500000 6817690
652.833333 404.333333 6817690
695.166667 325.833333 6817690
733.000000 378.000000 6817690
728.166667 374.166667 6817690
705.500000 415.666667 6817690
692.666667 360.000000 6817690
716.166667 385.000000 6817690
686.333333 412.000000 6817690
672.666667 352.333333 6817690
677.666667 384.333333 6817690
724.166667 388.000000 6817690
683.833333 304.166667 6817690
692.333333 352.333333 6817690
656.500000 407.666667 6817690
705.666667 384.500000 6817690
689.333333 424.166667 6817690
645.833333 421.833333 6817690
661.500000 315.000000 6817690
706.333333 375.666667 6817690
679.500000 358.833333 6817690
688.500000 427.166667 6817690
679.500000 351.333333 6817690
693.000000 387.000000 6817690
660.000000 413.333333 6817690
676.000000 430.000000 6817690
717.500000 344.000000 6817690
653.166667 398.333333 6817690
677.666667 429.833333 6817690
673.666667 412.500000 6817690
645.000000 404.666667 6817690
676.833333 397.333333 6817690
684.666667 348.166667 6817690
704.000000 357.500000 6817690
563.666667 257.166667 7011174
621.000000 286.500000 7011174
674.333333 438.666667 14966066
614.333333 465.166667 14966066
692.666667 455.500000 14966066
637.166667 462.166667 14966066
696.666667 435.500000 14966066
628.500000 466.000000 14966066
694.333333 455.166667 14966066
615.333333 443.333333 14966066
659.833333 439.500000 14966066
696.333333 444.500000 14966066
697.833333 454.333333 14966066
677.833333 433.166667 14966066
619.166667 438.000000 14966066
626.000000 460.333333 14966066
639.000000 425.333333 14966066
634.500000 435.333333 14966066
643.500000 487.500000 14966066
675.500000 446.666667 14966066
694.000000 444.833333 14966066
704.166667 439.833333 14966066
709.166667 421.333333 14966066
619.833333 431.333333 14966066
610.500000 448.833333 14966066
653.000000 448.000000 14966066
656.500000 499.833333 14966066
677.666667 444.166667 14966066
616.666667 429.333333 14966066
647.500000 488.166667 14966066
695.333333 484.166667 14966066
701.666667 425.000000 14966066
657.666667 432.666667 14966066
643.833333 445.500000 14966066
721.333333 410.500000 14966066
610.333333 431.833333 14966066
655.833333 462.500000 14966066
782.166667 436.833333 10178573
753.000000 408.333333 10178573
828.166667 422.333333 10178573
829.500000 464.166667 10178573
769.166667 485.333333 10178573
780.166667 486.666667 10178573
752.333333 481.333333 10178573
790.666667 390.000000 10178573
816.333333 411.166667 10178573
757.500000 389.666667 10178573
773.500000 479.833333 10178573
407.500000 352.666667 1824695
392.333333 342.500000 1824695
418.500000 329.166667 1824695
414.500000 354.166667 1824695
413.000000 347.833333 1824695
407.666667 351.000000 1824695
373.333333 363.666667 1824695
413.000000 353.500000 1824695
368.333333 352.833333 1824695
396.666667 348.333333 1824695
365.500000 381.166667 1824695
432.833333 351.166667 1824695
366.666667 323.333333 1824695
418.333333 340.333333 1824695
371.666667 292.000000 2996785
349.833333 304.333333 2996785
751.166667 307.666667 8643672
748.500000 325.500000 8643672
745.500000 357.166667 8643672
738.666667 343.500000 8643672
748.500000 338.166667 8643672
785.500000 345.500000 8643672
587.000000 497.500000 7418019
606.166667 457.333333 7418019
600.666667 473.166667 7418019
553.333333 509.000000 7418019
557.000000 502.000000 7418019
597.166667 434.166667 7418019
578.166667 533.833333 7418019
605.833333 442.833333 7418019
595.666667 443.166667 7418019
581.000000 477.333333 7418019
594.833333 473.833333 7418019
597.000000 457.333333 7418019
604.333333 450.833333 7418019
607.500000 487.833333 7418019
576.000000 476.333333 7418019
593.666667 450.666667 7418019
563.666667 521.666667 7418019
557.333333 488.000000 7418019
314.333333 385.666667 12310874
329.166667 406.666667 12310874
326.833333 365.333333 12310874
295.333333 384.833333 12310874
303.333333 395.666667 12310874
337.333333 374.500000 12310874
318.166667 376.666667 12310874
288.666667 437.666667 12310874
326.333333 382.166667 12310874
327.500000 377.333333 12310874
459.000000 485.500000 7102757
471.333333 481.166667 7102757
484.666667 488.333333 7102757
486.000000 472.500000 7102757
463.833333 493.166667 7102757
478.000000 465.333333 7102757
492.666667 494.666667 7102757
600.500000 428.500000 9210205
608.166667 418.166667 9210205
757.000000 375.000000 3846405
775.666667 370.333333 3846405
662.166667 506.666667 1942295
645.166667 530.333333 1942295
478.500000 381.833333 4434008
830.666667 369.166667 1923817
774.166667 504.000000 6521950
406.500000 548.833333 10660052
653.500000 279.166667 15580587
492.833333 557.000000 8621234
-9.400000 9.100000 5492941
-5.600000 24.700000 5492941
-15.100000 -12.900000 5492941
-20.700000 -14.800000 5492941
-10.500000 -31.100000 5492941
-10.900000 -34.700000 5492941
4.300000 10.000000 5492941
-5.700000 -25.400000 5492941
-39.900000 -36.900000 5492941
8.200000 3.700000 5492941
-23.900000 70.600000 5492941
-20.300000 -14.000000 5492941
-41.600000 0.700000 5492941
20.900000 2.000000 5492941
44.000000 20.800000 5492941
-12.600000 -16.600000 5492941
10.200000 40.100000 5492941
-29.500000 18.600000 5492941
-11.100000 -54.000000 5492941
8.900000 -8.900000 5492941
-29.500000 -17.500000 5492941
-14.600000 -27.200000 5492941
54.100000 26.400000 5492941
-3.200000 -6.900000 5492941
31.500000 2.500000 5492941
51.500000 24.600000 5492941
-6.700000 -36.700000 5492941
10.900000 33.200000 5492941
34.100000 33.200000 5492941
2.200000 59.000000 5492941
11.500000 5.200000 5492941
-20.400000 -51.900000 5492941
-27.100000 2.300000 5492941
12.200000 -8.000000 5492941
11.200000 27.100000 5492941
-25.900000 47.700000 5492941
18.600000 29.200000 5492941
29.300000 -28.000000 5492941
-32.400000 12.500000 5492941
7.600000 44.600000 5492941
-59.300000 42.700000 5492941
0.700000 -33.600000 5492941
4.200000 -19.000000 5492941
40.100000 33.800000 5492941
-8.900000 25.400000 5492941
25.800000 56.500000 5492941
-46.800000 -14.500000 5492941
-51.600000 -15.500000 5492941
-24.200000 -51.500000 5492941
-1.600000 23.600000 5492941
-6.000000 -0.600000 5492941
-28.000000 -41.200000 5492941
-34.100000 11.400000 5492941
28.800000 47.600000 5492941
-4.000000 7.100000 5492941
5.700000 64.200000 5492941
-63.900000 -5.800000 5492941
19.900000 -32.700000 5492941
2.800000 69.000000 5492941
-44.400000 7.500000 5492941
34.100000 10.300000 5492941
-22.400000 -28.600000 5492941
-1.100000 13.100000 5492941
29.300000 8.800000 5492941
49.900000 23.200000 5492941
30.400000 10.600000 5492941
-51.700000 -15.300000 5492941
-25.600000 39.800000 5492941
-42.800000 -44.000000 5492941
-4.900000 28.800000 5492941
20.800000 6.600000 5492941
-15.200000 -6.900000 5492941
2.200000 59.800000 5492941
-60.900000 5.100000 5492941
-42.000000 17.300000 5492941
20.000000 13.400000 5492941
25.500000 0.200000 5492941
-24.500000 51.500000 5492941
-28.200000 30.800000 5492941
-6.700000 46.400000 5492941
-46.300000 17.600000 5492941
-5.100000 69.300000 5492941
-29.300000 -6.300000 5492941
21.200000 -3.200000 5492941
-25.300000 -24.400000 5492941
-37.200000 -9.700000 5492941
21.600000 6.500000 5492941
-26.900000 42.500000 5492941
6.200000 13.200000 5492941
-25.000000 17.500000 5492941
-25.500000 -16.900000 5492941
-46.500000 8.800000 5492941
-36.700000 -33.500000 5492941
-43.300000 6.800000 5492941
15.900000 32.000000 5492941
-0.400000 64.600000 5492941
-20.400000 -30.600000 5492941
-6.100000 1.800000 5492941
40.200000 -5.500000 5492941
24.200000 -26.900000 5492941
9.500000 -1.700000 5492941
-70.800000 -6.100000 5492941
-8.400000 -40.100000 5492941
22.000000 -33.800000 5492941
4.400000 -39.200000 5492941
6.500000 -25.400000 5492941
-12.400000 18.100000 5492941
-12.700000 -26.800000 5492941
21.500000 22.600000 5492941
-9.300000 -13.600000 5492941
-62.000000 -2.900000 5492941
0.700000 -39.900000 5492941
-8.800000 -31.400000 5492941
15.800000 49.000000 5492941
-36.500000 -38.600000 5492941
-28.000000 -13.400000 5492941
33.600000 21.700000 5492941
8.200000 -32.600000 5492941
-33.100000 -36.500000 5492941
-23.900000 -18.500000 5492941
-44.300000 -5.900000 5492941
1.400000 -12.200000 5492941
6.100000 12.500000 5492941
28.800000 -26.900000 5492941
-5.700000 5.300000 5492941
7.900000 17.300000 5492941
15.300000 -26.600000 5492941
-16.500000 22.100000 5492941
-58.500000 -8.900000 5492941
-20.500000 33.600000 5492941
2.600000 33.100000 5492941
-7.000000 -40.200000 5492941
14.300000 -23.800000 5492941
-0.100000 10.500000 5492941
-12.100000 30.400000 5492941
-36.400000 2.900000 5492941
-2.800000 22.900000 5492941
22.400000 -22.100000 5492941
11.600000 16.200000 5492941
-18.900000 -48.400000 5492941
7.800000 -15.500000 5492941
1.300000 -22.300000 5492941
-48.500000 13.800000 5492941
-34.600000 46.300000 5492941
2.200000 -14.800000 5492941
-35.100000 26.000000 5492941
-64.500000 43.500000 5492941
2.800000 43.700000 5492941
24.300000 41.800000 5492941
-16.200000 -18.000000 5492941
6.500000 -18.900000 5492941
10.400000 -44.100000 5492941
20.600000 3.700000 5492941
-27.200000 3.400000 5492941
-11.200000 -13.800000 5492941
-35.200000 -36.400000 5492941
50.000000 -0.300000 5492941
-15.700000 -10.800000 5492941
34.700000 2.400000 5492941
8.000000 26.100000 5492941
-22.400000 1.700000 5492941
-15.000000 73.500000 5492941
36.500000 27.300000 5492941
38.600000 18.500000 5492941
49.900000 37.500000 5492941
17.100000 -9.300000 5492941
-39.600000 48.300000 5492941
-55.100000 -21.200000 5492941
-32.700000 -4.500000 5492941
31.900000 -9.200000 5492941
-19.600000 29.400000 5492941
-3.400000 -48.800000 5492941
-52.600000 4.300000 5492941
-17.000000 -3.000000 5492941
15.500000 49.200000 5492941
-28.300000 12.500000 5492941
-4.200000 -26.900000 5492941
8.800000 -16.500000 5492941
-40.700000 -24.400000 5492941
-48.100000 8.600000 5492941
12.400000 3.300000 5492941
24.200000 4.600000 5492941
21.700000 9.100000 5492941
-45.800000 22.900000 5492941
-55.300000 13.800000 5492941
31.100000 29.200000 5492941
-22.500000 -22.900000 5492941
-19.600000 -49.200000 5492941
51.000000 32.500000 5492941
5.300000 11.900000 5492941
-59.100000 11.400000 5492941
16.000000 -5.200000 5492941
-26.600000 40.800000 5492941
-36.500000 8.300000 5492941
11.800000 17.000000 5492941
-21.600000 -45.800000 5492941
-2.600000 -21.200000 5492941
7.400000 4.600000 5492941
15.100000 23.000000 5492941
-53.400000 42.100000 5492941
2.100000 59.400000 5492941
-33.000000 0.300000 5492941
-0.200000 -37.200000 5492941
-2.000000 -33.300000 5492941
26.100000 -23.500000 5492941
-3.200000 25.300000 5492941
-17.000000 -46.300000 5492941
47.500000 12.600000 5492941
0.900000 24.800000 5492941
-25.200000 26.900000 5492941
-58.300000 16.900000 5492941
-21.800000 2.800000 5492941
41.900000 15.200000 5492941
-20.700000 19.100000 5492941
-45.400000 -12.800000 5492941
-54.500000 -1.100000 5492941
-1.900000 42.300000 5492941
-25.400000 -31.600000 5492941
-49.500000 12.900000 5492941
-17.900000 6.900000 5492941
-6.400000 -34.700000 5492941
17.500000 23.400000 5492941
39.800000 -21.200000 5492941
-65.000000 14.100000 5492941
-40.500000 17.900000 5492941
-32.300000 17.100000 5492941
-19.100000 12.900000 5492941
-13.800000 10.000000 5492941
5.300000 62.200000 5492941
9.900000 10.400000 5492941
14.700000 19.000000 5492941
-54.400000 30.300000 5492941
28.100000 -34.600000 5492941
0.600000 -42.400000 5492941
-41.500000 48.400000 5492941
16.900000 -3.700000 5492941
-6.400000 60.700000 5492941
-22.300000 -35.600000 5492941
6.900000 -22.400000 5492941
34.400000 14.700000 5492941
-41.400000 16.000000 5492941
-54.900000 11.200000 5492941
32.300000 -0.800000 5492941
36.900000 7.400000 5492941
-34.100000 41.500000 5492941
10.000000 26.200000 5492941
-6.400000 -53.400000 5492941
-9.000000 -55.500000 5492941
-54.800000 35.000000 5492941
18.000000 -35.000000 5492941
14.200000 -18.700000 5492941
-6.800000 -13.300000 5492941
46.900000 19.000000 5492941
-20.600000 -32.900000 5492941
-30.600000 53.400000 5492941
-29.200000 19.100000 5492941
-21.900000 44.300000 5492941
-44.400000 31.700000 5492941
36.200000 -22.900000 5492941
-14.500000 -17.400000 5492941
-51.000000 5.600000 5492941
-56.200000 4.800000 5492941
28.000000 3.100000 5492941
-10.100000 5.400000 5492941
44.100000 9.100000 5492941
-2.800000 -38.200000 5492941
0.100000 64.500000 5492941
-40.900000 4.600000 5492941
-31.500000 -4.900000 5492941
-49.900000 46.200000 5492941
42.300000 -14.500000 5492941
-16.000000 23.000000 5492941
-42.600000 49.000000 5492941
-6.500000 35.400000 5492941
-44.700000 7.200000 5492941
-19.700000 0.400000 5492941
-54.500000 -11.800000 5492941
-24.400000 -7.100000 5492941
-43.100000 -32.400000 5492941
-37.000000 -42.700000 5492941
35.900000 -18.600000 5492941
-44.500000 46.500000 5492941
-47.500000 -22.000000 5492941
14.200000 -9.400000 5492941
-9.600000 -17.500000 5492941
43.300000 5.600000 5492941
-59.500000 28.900000 5492941
-5.100000 33.800000 5492941
35.000000 -13.400000 5492941
-34.800000 -4.700000 5492941
24.400000 -38.600000 5492941
24.600000 -42.500000 5492941
-27.900000 31.000000 5492941
-3.400000 26.100000 5492941
-19.500000 5.000000 5492941
-23.200000 1.100000 5492941
-8.400000 0.400000 5492941
-19.100000 34.900000 5492941
-3.100000 -37.800000 5492941
49.900000 17.900000 5492941
9.000000 49.600000 5492941
1.700000 19.600000 5492941
-34.500000 28.100000 5492941
-42.200000 23.400000 5492941
38.100000 -12.100000 5492941
-45.400000 40.000000 5492941
38.400000 3.600000 5492941
-12.900000 27.100000 5492941
3.800000 21.600000 5492941
-34.300000 12.400000 5492941
20.100000 4.400000 5492941
-19.300000 0.900000 5492941
-1.500000 17.500000 5492941
-13.300000 -2.600000 5492941
-33.300000 15.600000 5492941
3.200000 -23.900000 5492941
-6.200000 -28.600000 5492941
-49.700000 -32.100000 5492941
39.200000 46.900000 5492941
-22.400000 -29.100000 5492941
0.700000 -30.100000 5492941
-19.200000 17.700000 5492941
27.500000 5.300000 5492941
53.300000 9.800000 5492941
29.000000 -58.800000 254150
70.700000 -12.800000 254150
14.500000 -53.100000 254150
53.000000 -20.300000 254150
-27.900000 -70.300000 254150
22.400000 -50.200000 254150
3.500000 -56.300000 254150
-18.300000 -60.700000 254150
32.800000 -47.900000 254150
31.200000 -71.000000 254150
65.100000 -33.700000 254150
64.400000 -14.700000 254150
-20.900000 -77.000000 254150
75.900000 -17.700000 254150
25.400000 -54.600000 254150
11.700000 -54.500000 254150
-7.200000 -73.200000 254150
56.000000 -3.800000 254150
24.900000 -85.700000 254150
36.600000 -61.000000 254150
34.200000 -60.600000 254150
28.800000 -48.300000 254150
-0.300000 -73.100000 254150
9.500000 -61.100000 254150
-20.700000 -93.000000 254150
64.200000 -27.400000 254150
44.300000 -65.400000 254150
69.000000 -30.100000 254150
69.900000 -21.900000 254150
10.300000 -99.700000 254150
20.100000 -50.400000 254150
45.700000 -72.700000 254150
72.300000 -44.000000 254150
69.900000 -32.600000 254150
-64.600000 -57.500000 10122907
-94.000000 -17.500000 10122907
-52.500000 -65.300000 10122907
-82.200000 -11.100000 10122907
-62.700000 -46.500000 10122907
-76.300000 -49.800000 10122907
-58.100000 -72.100000 10122907
-57.000000 -42.000000 10122907
-68.200000 -42.400000 10122907
-54.700000 -68.700000 10122907
-76.100000 -36.900000 10122907
-62.300000 65.500000 14982836
-40.600000 79.300000 14982836
-44.500000 84.500000 14982836
-103.700000 45.300000 14982836
-36.900000 76.600000 14982836
-77.100000 53.800000 14982836
-55.200000 62.600000 14982836
0.800000 76.200000 14982836
-1.300000 84.100000 14982836
-74.300000 23.900000 14982836
-53.700000 79.600000 14982836
62.800000 -1.000000 15934548
67.500000 53.200000 15934548
70.700000 -0.100000 15934548
59.300000 2.200000 15934548
74.200000 62.600000 15934548
53.800000 49.500000 15934548
52.000000 37.800000 15934548
98.100000 21.900000 15934548
76.100000 18.500000 15934548
75.800000 8.700000 15934548
87.800000 -27.400000 15934548
57.700000 39.200000 15934548
10.400000 72.500000 11044369
28.000000 66.900000 11044369
39.500000 87.700000 11044369
8.200000 78.900000 11044369
33.300000 63.600000 11044369
16.600000 72.700000 11044369
13.800000 94.200000 11044369
-105.300000 11.200000 3589134
-11.100000 -403.600000 9444738
27.000000 -419.800000 9444738
36.400000 -419.400000 9444738
-65.000000 -389.700000 9444738
10.300000 -376.800000 9444738
30.200000 -422.700000 9444738
26.600000 -421.500000 9444738
11.700000 -410.300000 9444738
30.100000 -408.700000 9444738
-31.400000 -416.000000 9444738
-0.300000 -410.200000 9444738
32.400000 -388.500000 9444738
-38.000000 -429.500000 9444738
-6.000000 -420.300000 9444738
-46.600000 -444.100000 9444738
-39.800000 -387.500000 9444738
-32.800000 -389.400000 9444738
18.400000 -395.800000 9444738
-0.800000 -422.700000 9444738
-66.900000 -413.200000 9444738
-45.700000 -414.600000 9444738
24.700000 -382.000000 9444738
-4.900000 -407.100000 9444738
7.100000 -424.100000 9444738
-72.100000 -406.900000 9444738
-5.400000 -392.600000 9444738
-6.000000 -396.000000 9444738
-10.900000 -390.700000 9444738
-43.600000 -380.900000 9444738
-64.500000 -433.300000 9444738
19.500000 -396.900000 9444738
-7.500000 -412.500000 9444738
22.400000 -422.100000 9444738
-42.900000 -408.300000 9444738
-5.000000 -416.200000 9444738
-65.600000 -409.400000 9444738
41.600000 -419.200000 9444738
-59.700000 -367.700000 9444738
14.900000 -361.600000 9444738
-17.100000 -384.000000 9444738
-34.200000 -383.000000 9444738
42.200000 -412.200000 9444738
-73.600000 -404.300000 9444738
-28.500000 -403.600000 9444738
25.700000 -404.100000 9444738
18.800000 -389.300000 9444738
-0.300000 -370.000000 9444738
-12.600000 -425.800000 9444738
36.400000 -402.600000 9444738
39.500000 -414.400000 9444738
-5.800000 -416.400000 9444738
-20.700000 -399.600000 9444738
-63.600000 -395.300000 9444738
-58.200000 -432.300000 9444738
-11.500000 -396.600000 9444738
26.000000 -403.600000 9444738
-50.200000 -386.400000 9444738
10.000000 -389.200000 9444738
-23.800000 -402.500000 9444738
10.900000 -424.100000 9444738
26.500000 -382.200000 9444738
-71.900000 -421.600000 9444738
-5.400000 -388.300000 9444738
2.700000 -429.300000 9444738
-19.300000 -395.600000 9444738
-20.600000 -393.500000 9444738
26.600000 -401.000000 9444738
-63.200000 -399.800000 9444738
20.400000 -387.800000 9444738
-29.100000 -386.500000 9444738
9.300000 -401.400000 9444738
-46.000000 -379.500000 9444738
-16.100000 -376.200000 9444738
51.300000 -396.500000 9444738
-43.200000 -403.100000 9444738
4.000000 -405.300000 9444738
-20.100000 -419.800000 9444738
-17.700000 -421.600000 9444738
-6.100000 -430.300000 9444738
26.400000 -417.000000 9444738
46.500000 -382.700000 9444738
-12.800000 -403.400000 9444738
29.500000 -409.900000 9444738
-52.500000 -382.000000 9444738
-16.000000 -407.900000 9444738
-6.700000 -407.900000 9444738
-72.200000 -392.800000 9444738
7.600000 -400.800000 9444738
32.800000 -395.500000 9444738
-4.200000 -401.800000 9444738
49.300000 -404.900000 9444738
-8.300000 -396.100000 9444738
17.900000 -385.400000 9444738
-61.400000 -423.600000 9444738
-57.500000 -418.500000 9444738
54.100000 -402.000000 9444738
-38.900000 -445.400000 9444738
9.300000 -409.900000 9444738
-48.900000 -393.600000 9444738
-29.400000 -422.300000 9444738
-68.300000 -409.900000 9444738
-43.800000 -384.800000 9444738
2.900000 -431.800000 9444738
-55.500000 -393.200000 9444738
-56.500000 -387.400000 9444738
51.200000 -413.200000 9444738
20.500000 -401.800000 9444738
11.400000 -396.800000 9444738
-65.800000 -423.000000 9444738
-47.800000 -403.200000 9444738
-56.100000 -371.800000 9444738
30.200000 -395.400000 9444738
-0.500000 -394.800000 9444738
-26.700000 -457.600000 9444738
40.500000 -380.400000 9444738
17.200000 -406.500000 9444738
33.400000 -384.200000 9444738
21.000000 -436.500000 9444738
3.500000 -389.000000 9444738
40.000000 -417.700000 9444738
-5.500000 -399.500000 9444738
1.300000 -369.100000 9444738
9.100000 -384.100000 9444738
-56.100000 -392.000000 9444738
1.600000 -385.400000 9444738
-21.300000 -434.800000 9444738
-24.300000 -411.400000 9444738
-44.300000 -403.700000 9444738
6.100000 -387.500000 9444738
49.700000 -409.200000 9444738
33.900000 -425.200000 9444738
22.600000 -421.400000 9444738
-58.200000 -386.900000 9444738
18.700000 -393.200000 9444738
-40.900000 -387.600000 9444738
-0.300000 -428.400000 9444738
16.300000 -398.500000 9444738
-8.600000 -404.000000 9444738
-74.200000 -394.000000 9444738
46.300000 -407.600000 9444738
-39.500000 -375.000000 9444738
-43.100000 -380.400000 9444738
-6.200000 -431.200000 9444738
33.900000 -370.900000 9444738
-68.800000 -373.800000 9444738
-49.100000 -380.300000 9444738
31.000000 -365.100000 9444738
-63.000000 -384.100000 9444738
15.500000 -430.800000 9444738
-0.200000 -425.000000 9444738
-40.900000 -399.200000 9444738
-52.100000 -412.400000 9444738
42.400000 -401.800000 9444738
-23.200000 -384.300000 9444738
24.900000 -406.000000 9444738
-3.800000 -378.600000 9444738
-36.800000 -385.000000 9444738
-31.000000 -416.900000 9444738
-6.500000 -375.700000 9444738
-10.500000 -422.600000 9444738
47.400000 -389.700000 9444738
34.200000 -399.700000 9444738
-28.900000 -409.100000 9444738
-26.200000 -415.000000 9444738
-52.900000 -407.700000 9444738
15.800000 -413.500000 9444738
-0.300000 -402.900000 9444738
54.000000 -404.900000 9444738
-23.400000 -428.700000 9444738
4.000000 -422.000000 9444738
8.100000 -418.200000 9444738
34.000000 -369.300000 9444738
-40.200000 -422.400000 9444738
-2.600000 -401.700000 9444738
37.400000 -383.200000 9444738
-67.200000 -407.300000 9444738
-2.700000 -380.900000 9444738
42.700000 -409.700000 9444738
20.800000 -392.600000 9444738
-47.500000 -407.100000 9444738
-38.000000 -392.100000 9444738
27.900000 -418.300000 9444738
-21.700000 -399.100000 9444738
-3.200000 -417.100000 9444738
-59.500000 -377.800000 9444738
32.500000 -404.600000 9444738
33.500000 -390.600000 9444738
36.500000 -422.400000 9444738
-13.700000 -387.100000 9444738
-38.700000 -409.500000 9444738
-20.400000 -393.400000 9444738
44.200000 -404.300000 9444738
-58.900000 -394.500000 9444738
-75.800000 -410.400000 9444738
33.200000 -379.600000 9444738
-23.600000 -363.900000 9444738
-40.900000 -433.600000 9444738
37.500000 -421.800000 9444738
-31.500000 -424.000000 9444738
-2.200000 -404.700000 9444738
-2.700000 -397.900000 9444738
43.700000 -408.400000 9444738
38.300000 -408.300000 9444738
14.600000 -360.800000 9444738
17.400000 -376.700000 9444738
-46.400000 -404.800000 9444738
-32.600000 -404.700000 9444738
10.500000 -387.000000 9444738
-45.400000 -396.700000 9444738
-20.500000 -398.600000 9444738
19.200000 -412.900000 9444738
-66.800000 -429.700000 9444738
-71.200000 -392.000000 9444738
5.400000 -414.700000 9444738
-14.100000 -387.600000 9444738
0.500000 -378.800000 9444738
-58.800000 -412.600000 9444738
-15.800000 -388.300000 9444738
19.200000 -412.800000 9444738
-15.200000 -428.200000 9444738
9.800000 -397.400000 9444738
30.500000 -390.100000 9444738
-38.400000 -408.600000 9444738
3.900000 -416.200000 9444738
-21.600000 -381.700000 9444738
43.700000 -394.700000 9444738
-9.800000 -379.900000 9444738
6.000000 -398.500000 9444738
-57.300000 -423.300000 9444738
-35.400000 -407.200000 9444738
-5.500000 -391.700000 9444738
-37.500000 -405.500000 9444738
-38.200000 -421.700000 9444738
-36.200000 -398.700000 9444738
-52.000000 -396.800000 9444738
29.200000 -408.800000 9444738
-28.100000 -392.200000 9444738
3.500000 -392.300000 9444738
7.300000 -406.100000 9444738
21.200000 -394.600000 9444738
19.900000 -406.600000 9444738
26.000000 -403.700000 9444738
9.600000 -396.700000 9444738
-29.200000 -429.100000 9444738
26.400000 -356.100000 9444738
-29.500000 -375.300000 9444738
28.400000 -404.700000 9444738
38.600000 -372.200000 9444738
-47.000000 -408.800000 9444738
-42.600000 -389.200000 9444738
-19.700000 -398.600000 9444738
31.800000 -405.800000 9444738
-27.400000 -374.600000 9444738
-38.100000 -407.800000 9444738
-11.500000 -427.500000 9444738
-53.000000 -403.200000 9444738
10.100000 -395.800000 9444738
-61.100000 -394.700000 9444738
-64.600000 -432.400000 9444738
15.300000 -409.100000 9444738
16.900000 -417.600000 9444738
-38.900000 -411.000000 9444738
-60.900000 -403.700000 9444738
-14.900000 -423.500000 9444738
5.500000 -402.100000 9444738
-21.600000 -399.300000 9444738
14.200000 -416.400000 9444738
19.900000 -414.500000 9444738
43.800000 -404.100000 9444738
15.500000 -400.600000 9444738
-67.600000 -405.300000 9444738
-67.500000 -372.600000 9444738
-47.600000 -382.700000 9444738
-67.800000 -390.400000 9444738
-40.000000 -409.700000 9444738
-27.300000 -394.900000 9444738
21.300000 -404.700000 9444738
34.700000 -395.300000 9444738
22.800000 -386.200000 9444738
-29.700000 -406.300000 9444738
19.400000 -384.200000 9444738
-11.600000 -416.000000 9444738
-58.100000 -392.100000 9444738
7.700000 -394.000000 9444738
-31.600000 -374.600000 9444738
37.700000 -382.300000 9444738
-1.900000 -425.900000 9444738
-72.400000 -390.100000 9444738
27.900000 -398.800000 9444738
-3.500000 -427.600000 9444738
0.300000 -404.700000 9444738
31.900000 -398.800000 9444738
-16.300000 -407.000000 9444738
43.600000 -386.300000 9444738
18.700000 -412.400000 9444738
39.000000 -413.100000 9444738
-12.200000 -389.700000 9444738
-6.800000 -422.400000 9444738
-12.500000 -403.700000 9444738
-50.100000 -413.400000 9444738
15.000000 -405.500000 9444738
-44.000000 -430.700000 9444738
38.200000 -400.500000 9444738
37.200000 -407.500000 9444738
7.700000 -428.400000 9444738
-28.100000 -410.700000 9444738
27.800000 -426.500000 9444738
0.200000 -399.300000 9444738
-10.900000 -396.700000 9444738
-44.400000 -429.000000 9444738
26.000000 -404.900000 9444738
-29.600000 -411.600000 9444738
-39.700000 -425.800000 9444738
-27.600000 -401.900000 9444738
-31.000000 -415.000000 9444738
20.500000 -406.400000 9444738
-53.600000 -396.900000 9444738
38.100000 -407.000000 9444738
3.600000 -382.800000 9444738
-39.400000 -359.500000 9444738
-30.200000 -357.500000 9444738
-31.700000 -394.800000 9444738
12.700000 -421.900000 9444738
-23.600000 -413.000000 9444738
4.900000 -393.600000 9444738
48.900000 -405.100000 9444738
-60.400000 -390.000000 9444738
-66.700000 -397.800000 9444738
46.400000 -402.200000 9444738
-39.200000 -429.700000 9444738
24.700000 -372.100000 9444738
33.200000 -390.600000 9444738
-62.400000 -399.100000 9444738
20.600000 -400.300000 9444738
-62.200000 -385.900000 9444738
-57.500000 -395.600000 9444738
42.400000 -366.500000 9444738
28.000000 -375.400000 9444738
-4.600000 -395.700000 9444738
-42.000000 -441.300000 9444738
39.100000 -385.400000 9444738
42.400000 -395.500000 9444738
11.100000 -400.200000 9444738
-0.400000 -391.700000 9444738
-22.400000 -406.200000 9444738
-21.600000 -390.400000 9444738
41.400000 -400.500000 9444738
-45.600000 -432.900000 9444738
32.900000 -420.300000 9444738
-37.200000 -381.900000 9444738
34.600000 -381.700000 9444738
5.800000 -395.400000 9444738
-50.900000 -413.000000 9444738
33.800000 -377.500000 9444738
-4.000000 -355.700000 9444738
-34.400000 -410.500000 9444738
-1.300000 -412.000000 9444738
-28.100000 -404.300000 9444738
-70.600000 -404.400000 9444738
-53.200000 -367.700000 9444738
-25.200000 -394.900000 9444738
3.800000 -377.800000 9444738
33.300000 -399.300000 9444738
-36.600000 -409.500000 9444738
39.500000 -405.200000 9444738
17.100000 -394.900000 9444738
4.100000 -425.300000 9444738
-34.500000 -393.700000 9444738
-27.000000 -397.500000 9444738
39.100000 -386.100000 9444738
-17.000000 -368.100000 9444738
-14.500000 -419.100000 9444738
-7.600000 -410.300000 9444738
33.300000 -396.800000 9444738
54.000000 -413.000000 9444738
-7.600000 -399.900000 9444738
-63.300000 -408.500000 9444738
-5.200000 -386.400000 9444738
19.200000 -435.700000 9444738
-12.100000 -416.900000 9444738
52.100000 -417.900000 9444738
22.300000 -398.000000 9444738
-13.200000 -368.600000 9444738
-12.800000 -441.800000 9444738
-43.300000 -384.100000 9444738
34.800000 -405.000000 9444738
-49.000000 -428.100000 9444738
-44.600000 -367.900000 9444738
-47.400000 -367.900000 9444738
43.000000 -398.400000 9444738
15.500000 -368.600000 9444738
-66.800000 -397.500000 9444738
28.000000 -409.100000 9444738
9.200000 -407.500000 9444738
-73.000000 -414.800000 9444738
-9.300000 -382.400000 9444738
-27.300000 -388.700000 9444738
35.600000 -435.300000 9444738
-66.700000 -385.500000 9444738
49.100000 -382.400000 9444738
25.500000 -417.200000 9444738
28.900000 -380.500000 9444738
9.000000 -416.600000 9444738
-50.900000 -399.800000 9444738
46.800000 -412.900000 9444738
27.300000 -400.600000 9444738
-35.900000 -393.000000 9444738
49.700000 -402.500000 9444738
-4.000000 -385.600000 9444738
-56.800000 -416.200000 9444738
27.500000 -393.700000 9444738
-67.600000 -407.800000 9444738
-14.100000 -420.400000 9444738
-38.800000 -398.800000 9444738
-13.500000 -393.900000 9444738
244.600000 -398.300000 9828468
218.500000 -380.900000 9828468
188.600000 -388.200000 9828468
185.100000 -424.500000 9828468
186.900000 -414.400000 9828468
204.700000 -414.600000 9828468
194.700000 -403.700000 9828468
200.900000 -443.900000 9828468
191.600000 -403.100000 9828468
186.500000 -395.200000 9828468
221.100000 -368.700000 9828468
211.600000 -406.000000 9828468
214.300000 -416.200000 9828468
240.600000 -401.300000 9828468
185.400000 -384.100000 9828468
208.500000 -406.100000 9828468
228.700000 -402.600000 9828468
200.400000 -409.100000 9828468
-123.300000 -398.200000 1279553
-107.500000 -388.000000 1279553
-86.600000 -442.300000 1279553
-165.800000 -405.300000 1279553
-144.900000 -393.500000 1279553
-107.100000 -384.600000 1279553
-99.900000 -415.100000 1279553
-163.100000 -440.900000 1279553
-73.100000 -375.900000 1279553
-113.600000 -358.900000 1279553
-105.500000 -397.800000 1279553
-87.800000 -382.700000 1279553
-134.600000 -397.900000 1279553
-81.900000 -405.000000 1279553
-83.800000 -402.700000 1279553
-89.500000 -389.800000 1279553
-178.000000 -398.100000 1279553
-103.600000 -390.100000 1279553
-134.800000 -385.800000 1279553
-155.100000 -396.400000 1279553
-119.900000 -431.000000 1279553
-100.800000 -423.400000 1279553
-140.600000 -415.800000 1279553
-113.000000 -398.800000 1279553
-161.900000 -425.800000 1279553
-144.100000 -374.400000 1279553
-109.300000 -400.500000 1279553
-131.300000 -417.400000 1279553
-129.400000 -366.800000 1279553
-90.600000 -392.700000 1279553
-177.200000 -420.400000 1279553
-73.500000 -440.300000 1279553
-85.400000 -435.900000 1279553
-84.900000 -392.900000 1279553
-137.500000 -417.200000 1279553
-84.200000 -425.900000 1279553
-80.600000 -408.100000 1279553
-178.600000 -365.200000 1279553
-98.200000 -401.300000 1279553
-96.400000 -432.900000 1279553
-160.500000 -392.300000 1279553
-95.300000 -387.700000 1279553
-175.500000 -419.600000 1279553
-81.700000 -387.100000 1279553
-107.100000 -404.100000 1279553
-136.500000 -397.400000 1279553
-160.500000 -390.700000 1279553
-111.700000 -420.700000 1279553
-177.500000 -397.300000 1279553
-88.000000 -392.100000 1279553
-144.300000 -386.900000 1279553
-76.400000 -378.100000 1279553
-88.500000 -382.100000 1279553
-116.400000 -364.100000 1279553
-128.600000 -401.100000 1279553
-150.900000 -410.400000 1279553
-159.200000 -364.800000 1279553
-83.800000 -396.700000 1279553
-163.800000 -412.300000 1279553
-77.200000 -408.100000 1279553
-123.600000 -385.600000 1279553
-149.800000 -416.300000 1279553
-92.900000 -419.000000 1279553
-86.500000 -421.500000 1279553
-125.700000 -402.400000 1279553
-143.500000 -373.600000 1279553
-117.700000 -427.700000 1279553
-94.400000 -410.800000 1279553
-98.200000 -423.700000 1279553
-135.800000 -386.900000 1279553
-78.100000 -437.700000 1279553
-99.900000 -416.100000 1279553
-72.400000 -377.400000 1279553
-84.600000 -431.700000 1279553
-175.400000 -391.500000 1279553
-148.600000 -393.200000 1279553
-165.200000 -394.200000 1279553
-162.100000 -396.000000 1279553
-68.000000 -365.600000 1279553
-102.600000 -407.500000 1279553
-142.300000 -395.300000 1279553
-154.900000 -419.600000 1279553
-100.600000 -395.600000 1279553
-111.600000 -385.500000 1279553
-150.900000 -364.800000 1279553
-132.900000 -402.900000 1279553
-110.000000 -358.400000 1279553
-86.700000 -405.100000 1279553
-151.500000 -427.000000 1279553
-87.500000 -440.000000 1279553
-144.100000 -430.700000 1279553
-87.800000 -384.300000 1279553
-103.700000 -423.400000 1279553
-119.200000 -399.800000 1279553
-86.200000 -403.900000 1279553
-111.900000 -399.900000 1279553
-109.900000 -408.100000 1279553
-77.400000 -394.100000 1279553
-110.300000 -416.400000 1279553
-87.500000 -397.400000 1279553
-127.200000 -415.200000 1279553
-117.700000 -380.900000 1279553
-108.400000 -412.000000 1279553
-133.500000 -400.700000 1279553
-144.300000 -404.500000 1279553
-100.700000 -418.200000 1279553
-103.800000 -431.900000 1279553
-108.300000 -394.900000 1279553
-102.900000 -381.000000 1279553
-88.200000 -434.800000 1279553
-114.100000 -415.900000 1279553
-124.300000 -418.200000 1279553
-130.000000 -382.500000 1279553
-75.000000 -369.800000 1279553
-87.900000 -420.700000 1279553
-84.100000 -389.800000 1279553
-101.500000 -415.200000 1279553
-149.900000 -397.500000 1279553
-89.500000 -385.000000 1279553
-117.100000 -426.000000 1279553
-86.400000 -397.300000 1279553
-80.300000 -396.600000 1279553
-100.000000 -425.000000 1279553
-154.700000 -405.900000 1279553
-183.900000 -389.600000 1279553
-137.600000 -391.500000 1279553
-137.100000 -394.900000 1279553
-84.600000 -369.600000 1279553
-169.600000 -394.600000 1279553
-110.400000 -437.700000 1279553
-98.000000 -400.400000 1279553
-187.500000 -406.400000 1279553
-111.800000 -398.900000 1279553
-169.500000 -413.400000 1279553
-97.600000 -414.900000 1279553
-82.500000 -403.800000 1279553
-158.500000 -394.100000 1279553
-87.500000 -427.400000 1279553
58.800000 -422.200000 8385825
118.300000 -401.400000 8385825
77.000000 -403.200000 8385825
71.900000 -399.700000 8385825
97.000000 -375.000000 8385825
64.200000 -405.600000 8385825
76.000000 -397.900000 8385825
78.100000 -436.000000 8385825
83.200000 -382.600000 8385825
55.500000 -367.800000 8385825
67.800000 -418.600000 8385825
66.400000 -403.500000 8385825
81.200000 -363.700000 8385825
102.500000 -389.000000 8385825
77.400000 -425.400000 8385825
61.600000 -396.400000 8385825
77.400000 -410.500000 8385825
78.000000 -382.000000 8385825
120.800000 -414.700000 8385825
50.900000 -435.900000 8385825
47.200000 -368.400000 8385825
76.500000 -375.600000 8385825
69.700000 -400.400000 8385825
53.500000 -383.800000 8385825
109.800000 -393.200000 8385825
94.200000 -396.900000 8385825
73.000000 -409.300000 8385825
61.900000 -394.100000 8385825
74.400000 -402.100000 8385825
112.400000 -404.200000 8385825
62.400000 -374.700000 8385825
94.100000 -374.300000 8385825
100.700000 -413.100000 8385825
91.300000 -379.200000 8385825
88.400000 -444.100000 8385825
52.100000 -366.200000 8385825
59.300000 -407.700000 8385825
67.200000 -371.000000 8385825
104.800000 -381.700000 8385825
61.200000 -428.300000 8385825
86.200000 -407.400000 8385825
78.400000 -394.000000 8385825
59.600000 -423.400000 8385825
92.300000 -433.800000 8385825
94.200000 -416.700000 8385825
62.300000 -384.500000 8385825
56.000000 -374.400000 8385825
108.400000 -390.400000 8385825
110.400000 -382.900000 8385825
53.200000 -387.200000 8385825
90.900000 -424.000000 8385825
60.900000 -409.900000 8385825
78.200000 -398.500000 8385825
81.300000 -418.500000 8385825
83.200000 -390.600000 8385825
62.500000 -377.700000 8385825
75.900000 -390.300000 8385825
89.100000 -388.100000 8385825
87.700000 -398.500000 8385825
111.500000 -417.200000 8385825
120.200000 -403.600000 8385825
53.500000 -366.000000 8385825
103.600000 -392.200000 8385825
104.000000 -435.900000 8385825
75.400000 -433.200000 8385825
63.300000 -405.100000 8385825
72.500000 -379.500000 8385825
94.200000 -389.000000 8385825
67.700000 -396.400000 8385825
53.300000 -373.200000 8385825
78.000000 -379.300000 8385825
72.900000 -445.500000 8385825
69.800000 -370.000000 8385825
75.600000 -373.700000 8385825
107.300000 -387.000000 8385825
72.200000 -398.900000 8385825
69.700000 -442.500000 8385825
60.000000 -397.500000 8385825
92.600000 -391.200000 8385825
120.200000 -411.100000 8385825
64.100000 -412.100000 8385825
76.600000 -376.500000 8385825
67.500000 -390.800000 8385825
99.000000 -419.300000 8385825
99.800000 -408.000000 8385825
82.100000 -376.200000 8385825
113.100000 -399.000000 8385825
95.700000 -418.900000 8385825
110.000000 -411.300000 8385825
68.800000 -436.800000 8385825
93.200000 -374.100000 8385825
66.000000 -419.800000 8385825
86.800000 -432.300000 8385825
61.700000 -425.800000 8385825
106.600000 -388.000000 8385825
50.500000 -369.300000 8385825
81.000000 -363.600000 8385825
110.400000 -412.700000 8385825
105.800000 -403.500000 8385825
108.900000 -413.400000 8385825
96.700000 -373.700000 8385825
76.600000 -425.000000 8385825
52.200000 -435.500000 8385825
104.900000 -394.900000 8385825
86.400000 -362.500000 8385825
90.100000 -421.600000 8385825
88.300000 -396.700000 8385825
75.200000 -384.100000 8385825
79.900000 -403.300000 8385825
80.900000 -375.300000 8385825
65.500000 -405.100000 8385825
77.500000 -396.600000 8385825
108.000000 -394.700000 8385825
64.000000 -417.400000 8385825
111.900000 -430.600000 8385825
117.400000 -410.800000 8385825
76.300000 -391.000000 8385825
97.800000 -412.200000 8385825
81.100000 -379.700000 8385825
82.600000 -411.600000 8385825
64.100000 -376.300000 8385825
90.500000 -413.200000 8385825
98.600000 -390.900000 8385825
55.200000 -384.500000 8385825
69.300000 -394.400000 8385825
99.300000 -398.500000 8385825
103.400000 -411.000000 8385825
56.400000 -398.700000 8385825
62.500000 -412.700000 8385825
65.400000 -416.500000 8385825
111.500000 -399.800000 8385825
97.900000 -424.900000 8385825
112.800000 -411.500000 8385825
95.900000 -408.700000 8385825
95.300000 -426.100000 8385825
169.400000 -402.300000 4046141
148.900000 -400.800000 4046141
138.000000 -375.300000 4046141
174.000000 -386.000000 4046141
171.300000 -360.600000 4046141
155.800000 -409.000000 4046141
137.100000 -391.400000 4046141
136.400000 -406.000000 4046141
136.600000 -416.500000 4046141
135.900000 -384.500000 4046141
149.100000 -373.300000 4046141
158.600000 -385.100000 4046141
140.900000 -386.200000 4046141
153.200000 -394.100000 4046141
146.900000 -386.700000 4046141
146.100000 -392.700000 4046141
147.700000 -418.600000 4046141
139.200000 -373.500000 4046141
176.100000 -392.500000 4046141
145.900000 -407.300000 4046141
167.600000 -390.400000 4046141
146.300000 -429.600000 4046141
139.800000 -393.400000 4046141
170.800000 -373.400000 4046141
132.000000 -395.900000 4046141
132.800000 -432.000000 4046141
146.300000 -388.500000 4046141
124.500000 -394.100000 4046141
149.900000 -398.700000 4046141
141.200000 -353.700000 4046141
132.900000 -411.100000 4046141
172.100000 -403.400000 4046141
128.500000 -397.000000 4046141
128.000000 -406.100000 4046141
167.800000 -411.800000 4046141
128.000000 -422.100000 4046141
127.300000 -383.100000 4046141
121.800000 -392.400000 4046141
153.600000 -405.700000 4046141
149.800000 -364.700000 4046141
117.100000 -387.700000 4046141
146.800000 -408.100000 4046141
162.100000 -383.800000 4046141
176.600000 -377.200000 4046141
131.700000 -407.000000 4046141
148.700000 -385.800000 4046141
167.500000 -396.000000 4046141
160.500000 -415.500000 4046141
141.600000 -402.400000 4046141
137.400000 -424.200000 4046141
163.900000 -387.200000 4046141
134.500000 -413.400000 4046141
170.100000 -402.500000 4046141
142.400000 -395.900000 4046141
165.300000 -364.200000 4046141
170.700000 -393.300000 4046141
160.300000 -398.500000 4046141
173.400000 -358.000000 4046141
162.900000 -427.600000 4046141
112.300000 -375.800000 4046141
149.100000 -374.300000 4046141
169.600000 -396.200000 4046141
164.600000 -390.300000 4046141
155.400000 -422.900000 4046141
154.300000 -413.400000 4046141
163.000000 -387.300000 4046141
123.000000 -400.000000 4046141
141.400000 -410.600000 4046141
133.400000 -423.300000 4046141
144.600000 -400.300000 4046141
36.900000 -357.800000 8097244
-188.300000 -380.400000 15396999
-185.100000 -428.500000 15396999
-199.800000 -376.300000 15396999
-204.900000 -390.500000 15396999
-245.300000 -381.500000 15396999
-236.100000 -399.400000 15396999
-210.100000 -379.900000 15396999
-193.700000 -399.500000 15396999
-211.400000 -376.000000 15396999
-202.700000 -397.200000 15396999
-205.300000 -389.200000 15396999
-229.100000 -404.900000 15396999
-201.900000 -398.600000 15396999
-214.100000 -406.200000 15396999
117.700000 -359.100000 2234992
111.400000 -364.600000 2234992
104.300000 -357.000000 2234992
-63.000000 -357.100000 1498601
-70.900000 -444.300000 444478
-254.400000 -400.100000 5231777
-267.900000 -411.300000 5231777
-217.700000 -453.400000 5231777
-184.400000 -449.400000 10142273
