-494.833333 423.166667 7710285
-475.000000 346.000000 7710285
-492.833333 357.333333 7710285
-461.500000 469.166667 7710285
-494.000000 341.833333 7710285
-427.833333 466.666667 7710285
-460.666667 402.000000 7710285
-451.333333 445.666667 7710285
-347.833333 429.333333 7710285
-471.000000 421.000000 7710285
-482.500000 356.500000 7710285
-449.166667 446.500000 7710285
-466.833333 334.000000 7710285
-371.500000 356.333333 7710285
-297.833333 386.500000 7710285
-449.333333 341.833333 7710285
-409.166667 377.333333 7710285
-408.500000 410.166667 7710285
-404.000000 376.000000 7710285
-440.333333 483.500000 7710285
-480.000000 348.666667 7710285
-357.333333 342.500000 7710285
-477.500000 329.333333 7710285
-421.166667 415.833333 7710285
-454.000000 406.000000 7710285
-441.166667 361.666667 7710285
-503.333333 405.666667 7710285
-438.333333 436.333333 7710285
-385.000000 432.000000 7710285
-461.833333 354.333333 7710285
-454.833333 388.666667 7710285
-462.166667 419.666667 7710285
-255.000000 399.666667 7710285
-302.833333 429.000000 7710285
-389.000000 416.666667 7710285
-459.666667 424.666667 7710285
-463.000000 384.833333 7710285
-402.333333 401.666667 7710285
-416.833333 299.333333 7710285
-430.166667 419.000000 7710285
-385.666667 408.166667 7710285
-422.000000 260.000000 7710285
-336.666667 394.500000 7710285
-448.166667 397.833333 7710285
-382.333333 361.333333 7710285
-337.166667 382.166667 7710285
-420.000000 408.333333 7710285
-356.333333 405.166667 7710285
-404.166667 415.666667 7710285
-331.833333 404.000000 7710285
-454.166667 377.833333 7710285
-469.333333 347.166667 7710285
-464.833333 443.833333 7710285
-413.500000 444.833333 7710285
-433.666667 390.166667 7710285
-318.000000 308.833333 7710285
-480.000000 433.666667 7710285
-351.000000 485.500000 7710285
-465.333333 398.333333 7710285
-467.500000 345.166667 7710285
-446.000000 386.500000 7710285
-336.833333 442.833333 7710285
-485.333333 432.166667 7710285
-441.166667 344.166667 7710285
-473.833333 431.666667 7710285
-433.000000 459.000000 7710285
-433.166667 374.833333 7710285
-472.500000 411.666667 7710285
-460.833333 446.833333 7710285
-485.500000 393.500000 7710285
-424.166667 386.166667 7710285
-309.000000 492.666667 7710285
-469.500000 371.833333 7710285
-484.833333 401.500000 7710285
-387.500000 431.500000 7710285
-399.166667 422.333333 7710285
-360.000000 377.666667 7710285
-484.833333 418.833333 7710285
-422.333333 462.333333 7710285
-413.166667 445.333333 7710285
-495.000000 413.333333 7710285
-442.000000 396.666667 7710285
-463.666667 294.500000 7710285
-494.833333 423.166667 7710285
-456.500000 370.833333 7710285
-439.666667 303.000000 7710285
-446.500000 420.833333 7710285
-451.500000 374.000000 7710285
-465.333333 392.833333 7710285
-434.333333 422.000000 7710285
-451.833333 324.333333 7710285
-384.666667 388.833333 7710285
-304.333333 428.333333 7710285
-490.666667 413.500000 7710285
-431.833333 454.000000 7710285
-388.166667 322.333333 7710285
-451.166667 402.500000 7710285
-438.000000 390.833333 7710285
-447.833333 450.000000 7710285
-400.000000 353.000000 7710285
-357.166667 442.833333 7710285
-397.500000 351.666667 7710285
-460.333333 428.666667 7710285
-385.833333 499.333333 7710285
-416.000000 399.333333 7710285
-408.333333 453.333333 7710285
-431.333333 409.500000 7710285
-377.166667 344.833333 7710285
-488.333333 367.666667 7710285
-381.500000 347.833333 7710285
-321.000000 468.333333 7710285
-476.833333 411.166667 7710285
-468.500000 448.333333 7710285
-379.500000 377.333333 7710285
-418.833333 425.500000 7710285
-470.333333 339.166667 7710285
-427.500000 381.333333 7710285
-434.333333 412.500000 7710285
-410.166667 377.500000 7710285
-442.333333 398.000000 7710285
-427.500000 390.500000 7710285
-435.666667 316.833333 7710285
-242.000000 317.833333 7710285
-481.166667 372.166667 7710285
-379.833333 390.666667 7710285
-433.500000 418.000000 7710285
-468.833333 382.833333 7710285
-415.000000 410.166667 7710285
-434.666667 383.166667 7710285
-415.000000 438.666667 7710285
-473.500000 381.333333 7710285
-399.000000 459.666667 7710285
-337.833333 411.333333 7710285
-379.833333 433.500000 7710285
-448.166667 381.500000 7710285
-443.000000 467.500000 7710285
-455.000000 373.500000 7710285
-489.666667 394.833333 7710285
-444.333333 432.000000 7710285
-374.833333 406.166667 7710285
-377.000000 390.166667 7710285
-466.500000 432.500000 7710285
-477.833333 393.833333 7710285
-446.666667 451.166667 7710285
-481.666667 382.000000 7710285
-320.333333 407.333333 7710285
-427.833333 457.166667 7710285
-437.000000 541.166667 7710285
-485.833333 428.166667 7710285
-458.333333 412.000000 7710285
-450.500000 461.666667 7710285
-570.500000 370.166667 7710285
-538.666667 387.500000 7710285
-526.166667 354.666667 7710285
-539.166667 342.333333 7710285
-597.666667 376.333333 7710285
-502.166667 386.833333 7710285
-582.000000 351.500000 7710285
-588.333333 283.166667 7710285
-572.166667 392.833333 7710285
-557.500000 323.166667 7710285
-597.500000 351.166667 7710285
-599.000000 361.500000 7710285
-617.000000 385.000000 7710285
-595.666667 385.833333 7710285
-505.333333 355.833333 7710285
-549.000000 349.500000 7710285
-576.333333 394.666667 7710285
-600.000000 367.500000 7710285
-597.000000 363.333333 7710285
-602.666667 289.000000 7710285
-609.500000 360.166667 7710285
-542.166667 398.000000 7710285
-571.000000 391.166667 7710285
-526.166667 326.666667 7710285
-553.500000 379.000000 7710285
-524.166667 333.666667 7710285
-573.833333 378.000000 7710285
-519.333333 396.500000 7710285
-541.000000 364.833333 7710285
-554.166667 359.333333 7710285
-525.666667 398.500000 7710285
-570.500000 384.333333 7710285
-601.833333 367.666667 7710285
-612.166667 364.000000 7710285
-548.333333 331.500000 7710285
-500.666667 403.833333 7710285
-537.333333 345.500000 7710285
-500.666667 402.666667 7710285
-551.666667 404.000000 7710285
-522.833333 395.166667 7710285
-536.000000 401.666667 7710285
-520.166667 371.166667 7710285
-592.333333 351.000000 7710285
-567.000000 371.833333 7710285
-574.333333 385.833333 7710285
-591.000000 392.833333 7710285
-603.000000 377.500000 7710285
-586.500000 401.000000 7710285
-503.833333 352.833333 7710285
-616.666667 373.833333 7710285
-626.333333 302.166667 7710285
-603.000000 376.333333 7710285
-620.666667 400.500000 7710285
-494.000000 350.166667 7710285
-580.500000 398.666667 7710285
-596.333333 404.333333 7710285
-507.333333 333.833333 7710285
-535.166667 403.000000 7710285
-518.000000 391.500000 7710285
-500.166667 357.666667 7710285
-572.333333 362.500000 7710285
-593.000000 390.500000 7710285
-512.333333 368.166667 7710285
-548.500000 386.666667 7710285
-607.833333 381.166667 7710285
-581.500000 365.833333 7710285
-507.333333 379.166667 7710285
-566.000000 353.500000 7710285
-500.500000 387.166667 7710285
-533.000000 365.833333 7710285
-587.666667 393.166667 7710285
-627.166667 344.000000 7710285
-519.666667 405.500000 7710285
-531.333333 373.666667 7710285
-493.500000 342.833333 7710285
-549.833333 387.833333 7710285
-569.166667 368.666667 7710285
-593.166667 333.333333 7710285
-570.500000 370.166667 7710285
-489.166667 339.500000 7710285
-522.833333 371.666667 7710285
-593.833333 277.666667 7710285
-596.500000 377.000000 7710285
-570.666667 376.333333 7710285
-583.833333 400.166667 7710285
-503.166667 381.000000 7710285
-504.500000 409.666667 7710285
-538.833333 398.166667 7710285
-510.666667 392.833333 7710285
-509.500000 375.500000 7710285
-511.333333 353.000000 7710285
-525.666667 373.333333 7710285
-554.166667 407.000000 7710285
-611.166667 334.333333 7710285
-586.666667 399.500000 7710285
-504.333333 366.166667 7710285
-488.666667 333.166667 7710285
-491.500000 361.833333 7710285
-532.833333 378.000000 7710285
-502.833333 382.333333 7710285
-570.000000 355.000000 7710285
-537.500000 327.166667 7710285
-563.333333 317.500000 7710285
-619.666667 384.833333 7710285
-628.833333 329.666667 7710285
-568.833333 406.500000 7710285
-614.666667 353.000000 7710285
-550.833333 379.833333 7710285
-542.833333 355.833333 7710285
-522.833333 356.833333 7710285
-627.000000 361.500000 7710285
-630.333333 344.666667 7710285
-512.000000 395.500000 7710285
-595.000000 372.666667 7710285
-555.500000 402.500000 7710285
-492.666667 330.500000 7710285
-572.000000 344.000000 7710285
-545.166667 388.000000 7710285
-513.833333 411.666667 7710285
-570.333333 399.166667 7710285
-584.000000 367.666667 7710285
-599.833333 392.833333 7710285
-592.166667 350.333333 7710285
-547.333333 320.500000 7710285
-507.166667 339.833333 7710285
-554.833333 407.000000 7710285
-594.666667 370.333333 7710285
-563.666667 434.500000 7710285
-589.166667 412.833333 7710285
-545.833333 412.500000 7710285
-526.000000 495.333333 7710285
-561.166667 413.000000 7710285
-597.666667 428.333333 7710285
-630.000000 469.833333 7710285
-616.833333 415.000000 7710285
-573.833333 453.666667 7710285
-536.500000 451.500000 7710285
-555.166667 435.666667 7710285
-563.833333 434.333333 7710285
-603.000000 500.666667 7710285
-589.166667 397.500000 7710285
-641.333333 447.666667 7710285
-636.833333 439.500000 7710285
-620.166667 442.500000 7710285
-567.166667 486.166667 7710285
-598.166667 429.000000 7710285
-576.500000 444.500000 7710285
-616.500000 404.000000 7710285
-553.833333 411.666667 7710285
-540.000000 424.000000 7710285
-572.500000 422.166667 7710285
-525.000000 422.166667 7710285
-601.833333 431.500000 7710285
-543.666667 502.500000 7710285
-510.666667 424.666667 7710285
-553.833333 403.833333 7710285
-594.333333 457.666667 7710285
-572.333333 426.166667 7710285
-571.500000 431.500000 7710285
-571.833333 403.833333 7710285
-618.833333 439.500000 7710285
-597.333333 488.666667 7710285
-564.500000 412.500000 7710285
-580.666667 440.666667 7710285
-566.333333 488.500000 7710285
-577.166667 451.500000 7710285
-510.500000 430.666667 7710285
-507.833333 463.500000 7710285
-572.500000 439.166667 7710285
-499.666667 501.333333 7710285
-554.500000 429.833333 7710285
-583.000000 416.833333 7710285
-627.000000 424.333333 7710285
-509.166667 523.500000 7710285
-602.666667 431.500000 7710285
-566.000000 421.500000 7710285
-562.500000 467.500000 7710285
-552.000000 412.333333 7710285
-592.666667 405.000000 7710285
-571.833333 403.000000 7710285
-586.000000 452.666667 7710285
-500.500000 420.166667 7710285
-532.666667 421.166667 7710285
-526.833333 514.833333 7710285
-587.000000 474.666667 7710285
-528.000000 450.333333 7710285
-592.833333 511.333333 7710285
-536.000000 410.666667 7710285
-614.833333 462.000000 7710285
-498.333333 446.666667 7710285
-536.666667 453.833333 7710285
-522.000000 547.000000 7710285
-514.333333 468.333333 7710285
-529.000000 468.666667 7710285
-558.333333 416.833333 7710285
-538.000000 478.000000 7710285
-614.166667 445.000000 7710285
-465.000000 516.000000 7710285
-626.166667 421.666667 7710285
-568.166667 414.666667 7710285
-481.500000 488.500000 7710285
-609.000000 452.833333 7710285
-605.000000 420.166667 7710285
-562.666667 476.000000 7710285
-575.333333 459.666667 7710285
-622.500000 422.333333 7710285
-582.500000 424.666667 7710285
-599.833333 505.000000 7710285
-629.000000 422.833333 7710285
-638.666667 503.166667 7710285
-626.000000 453.833333 7710285
-497.500000 490.000000 7710285
-627.833333 444.166667 7710285
-558.000000 419.833333 7710285
-592.666667 463.500000 7710285
-527.500000 439.000000 7710285
-582.166667 479.833333 7710285
-505.833333 426.000000 7710285
-511.666667 446.833333 7710285
-579.833333 436.500000 7710285
-529.333333 496.833333 7710285
-520.666667 430.166667 7710285
-639.500000 512.833333 7710285
-546.333333 415.333333 7710285
-619.500000 413.666667 7710285
-582.500000 478.333333 7710285
-555.166667 471.666667 7710285
-523.666667 447.000000 7710285
-509.833333 418.666667 7710285
-616.333333 442.833333 7710285
-504.166667 429.333333 7710285
-526.500000 421.000000 7710285
-505.500000 417.666667 7710285
-498.833333 427.666667 7710285
-487.833333 467.500000 7710285
-563.666667 434.500000 7710285
-612.000000 413.000000 7710285
-528.666667 447.833333 7710285
-548.833333 433.333333 7710285
-559.500000 458.833333 7710285
-626.333333 302.166667 7710285
-732.000000 406.333333 7710285
-710.833333 403.166667 7710285
-643.833333 366.166667 7710285
-646.166667 428.666667 7710285
-720.166667 344.333333 7710285
-711.000000 371.833333 7710285
-672.333333 481.166667 7710285
-723.500000 381.000000 7710285
-720.333333 412.333333 7710285
-630.500000 372.333333 7710285
-701.166667 484.833333 7710285
-664.666667 419.166667 7710285
-678.000000 355.333333 7710285
-661.000000 423.833333 7710285
-674.000000 404.833333 7710285
-670.666667 440.166667 7710285
-711.833333 426.666667 7710285
-685.833333 387.333333 7710285
-629.333333 370.500000 7710285
-714.500000 361.500000 7710285
-643.666667 407.000000 7710285
-720.166667 377.500000 7710285
-661.166667 326.666667 7710285
-653.000000 315.666667 7710285
-754.833333 403.666667 7710285
-644.000000 334.833333 7710285
-637.000000 375.666667 7710285
-695.166667 358.666667 7710285
-750.833333 379.666667 7710285
-648.666667 370.666667 7710285
-707.666667 386.833333 7710285
-641.500000 413.500000 7710285
-632.666667 361.000000 7710285
-714.000000 412.333333 7710285
-652.666667 429.166667 7710285
-750.666667 373.000000 7710285
-638.166667 401.500000 7710285
-694.500000 328.666667 7710285
-699.666667 308.000000 7710285
-703.500000 312.666667 7710285
-651.500000 397.333333 7710285
-718.500000 428.000000 7710285
-707.500000 320.000000 7710285
-692.666667 523.833333 7710285
-683.666667 442.166667 7710285
-658.000000 426.500000 7710285
-648.333333 349.833333 7710285
-679.833333 350.666667 7710285
-735.833333 397.500000 7710285
-664.000000 369.500000 7710285
-674.333333 385.500000 7710285
-630.166667 390.166667 7710285
-736.000000 329.000000 7710285
-706.833333 372.500000 7710285
-677.000000 439.166667 7710285
-676.833333 408.333333 7710285
-640.833333 428.500000 7710285
-634.166667 354.000000 7710285
-695.500000 476.666667 7710285
-631.833333 399.666667 7710285
-709.000000 455.833333 7710285
-779.333333 492.500000 7710285
-671.000000 396.666667 7710285
-697.000000 395.166667 7710285
-680.166667 406.166667 7710285
-769.666667 357.833333 7710285
-642.666667 367.500000 7710285
-633.000000 372.500000 7710285
-725.833333 417.666667 7710285
-680.166667 422.000000 7710285
-758.500000 334.833333 7710285
-649.333333 394.500000 7710285
-631.333333 356.500000 7710285
-624.666667 405.500000 7710285
-661.000000 434.500000 7710285
-708.833333 454.000000 7710285
-775.333333 361.333333 7710285
-654.666667 447.166667 7710285
-713.333333 400.000000 7710285
-692.333333 518.000000 7710285
-721.500000 416.333333 7710285
-697.000000 374.666667 7710285
-681.833333 346.166667 7710285
-674.166667 341.166667 7710285
-704.000000 486.166667 7710285
-705.833333 312.666667 7710285
-655.500000 425.666667 7710285
-639.166667 388.666667 7710285
-657.000000 381.500000 7710285
-660.166667 408.166667 7710285
-640.833333 326.333333 7710285
-737.166667 369.500000 7710285
-667.333333 403.166667 7710285
-761.166667 428.000000 7710285
-640.000000 426.166667 7710285
-650.333333 434.500000 7710285
-687.500000 346.000000 7710285
-736.500000 445.000000 7710285
-660.833333 447.333333 7710285
-738.333333 393.833333 7710285
-669.500000 494.000000 7710285
-657.000000 418.833333 7710285
-708.666667 407.500000 7710285
-29.500000 18.600000 6369307
-9.400000 9.100000 6369307
-5.600000 24.700000 6369307
-15.100000 -12.900000 6369307
-20.700000 -14.800000 6369307
-10.500000 -31.100000 6369307
-10.900000 -34.700000 6369307
29.000000 -58.800000 6369307
4.300000 10.000000 6369307
70.700000 -12.800000 6369307
-5.700000 -25.400000 6369307
-64.600000 -57.500000 6369307
-39.900000 -36.900000 6369307
8.200000 3.700000 6369307
-23.900000 70.600000 6369307
-20.300000 -14.000000 6369307
-41.600000 0.700000 6369307
-62.300000 65.500000 6369307
20.900000 2.000000 6369307
44.000000 20.800000 6369307
-12.600000 -16.600000 6369307
10.200000 40.100000 6369307
-94.000000 -17.500000 6369307
-29.500000 18.600000 6369307
14.500000 -53.100000 6369307
-11.100000 -54.000000 6369307
8.900000 -8.900000 6369307
-29.500000 -17.500000 6369307
-14.600000 -27.200000 6369307
54.100000 26.400000 6369307
-3.200000 -6.900000 6369307
53.000000 -20.300000 6369307
31.500000 2.500000 6369307
-27.900000 -70.300000 6369307
51.500000 24.600000 6369307
-6.700000 -36.700000 6369307
10.900000 33.200000 6369307
34.100000 33.200000 6369307
2.200000 59.000000 6369307
62.800000 -1.000000 6369307
11.500000 5.200000 6369307
-20.400000 -51.900000 6369307
22.400000 -50.200000 6369307
-27.100000 2.300000 6369307
12.200000 -8.000000 6369307
11.200000 27.100000 6369307
-25.900000 47.700000 6369307
18.600000 29.200000 6369307
29.300000 -28.000000 6369307
-32.400000 12.500000 6369307
7.600000 44.600000 6369307
-59.300000 42.700000 6369307
0.700000 -33.600000 6369307
4.200000 -19.000000 6369307
40.100000 33.800000 6369307
-8.900000 25.400000 6369307
25.800000 56.500000 6369307
-46.800000 -14.500000 6369307
-51.600000 -15.500000 6369307
-24.200000 -51.500000 6369307
-1.600000 23.600000 6369307
-6.000000 -0.600000 6369307
-28.000000 -41.200000 6369307
-34.100000 11.400000 6369307
28.800000 47.600000 6369307
-4.000000 7.100000 6369307
5.700000 64.200000 6369307
-63.900000 -5.800000 6369307
19.900000 -32.700000 6369307
2.800000 69.000000 6369307
-44.400000 7.500000 6369307
34.100000 10.300000 6369307
67.500000 53.200000 6369307
-22.400000 -28.600000 6369307
3.500000 -56.300000 6369307
-1.100000 13.100000 6369307
29.300000 8.800000 6369307
49.900000 23.200000 6369307
30.400000 10.600000 6369307
-51.700000 -15.300000 6369307
-18.300000 -60.700000 6369307
-25.600000 39.800000 6369307
-42.800000 -44.000000 6369307
-4.900000 28.800000 6369307
20.800000 6.600000 6369307
-15.200000 -6.900000 6369307
2.200000 59.800000 6369307
-60.900000 5.100000 6369307
-42.000000 17.300000 6369307
32.800000 -47.900000 6369307
20.000000 13.400000 6369307
25.500000 0.200000 6369307
-24.500000 51.500000 6369307
-28.200000 30.800000 6369307
-6.700000 46.400000 6369307
70.700000 -0.100000 6369307
-46.300000 17.600000 6369307
-5.100000 69.300000 6369307
-29.300000 -6.300000 6369307
21.200000 -3.200000 6369307
-25.300000 -24.400000 6369307
-37.200000 -9.700000 6369307
21.600000 6.500000 6369307
-26.900000 42.500000 6369307
6.200000 13.200000 6369307
-25.000000 17.500000 6369307
-25.500000 -16.900000 6369307
-46.500000 8.800000 6369307
-36.700000 -33.500000 6369307
-43.300000 6.800000 6369307
15.900000 32.000000 6369307
-0.400000 64.600000 6369307
-20.400000 -30.600000 6369307
-6.100000 1.800000 6369307
40.200000 -5.500000 6369307
24.200000 -26.900000 6369307
9.500000 -1.700000 6369307
-70.800000 -6.100000 6369307
-8.400000 -40.100000 6369307
22.000000 -33.800000 6369307
4.400000 -39.200000 6369307
6.500000 -25.400000 6369307
-12.400000 18.100000 6369307
-12.700000 -26.800000 6369307
21.500000 22.600000 6369307
-9.300000 -13.600000 6369307
-62.000000 -2.900000 6369307
0.700000 -39.900000 6369307
-8.800000 -31.400000 6369307
15.800000 49.000000 6369307
59.300000 2.200000 6369307
-36.500000 -38.600000 6369307
-28.000000 -13.400000 6369307
33.600000 21.700000 6369307
8.200000 -32.600000 6369307
-33.100000 -36.500000 6369307
-23.900000 -18.500000 6369307
-44.300000 -5.900000 6369307
1.400000 -12.200000 6369307
6.100000 12.500000 6369307
31.200000 -71.000000 6369307
28.800000 -26.900000 6369307
-5.700000 5.300000 6369307
7.900000 17.300000 6369307
15.300000 -26.600000 6369307
-16.500000 22.100000 6369307
-58.500000 -8.900000 6369307
65.100000 -33.700000 6369307
-20.500000 33.600000 6369307
64.400000 -14.700000 6369307
-20.900000 -77.000000 6369307
2.600000 33.100000 6369307
-7.000000 -40.200000 6369307
14.300000 -23.800000 6369307
-0.100000 10.500000 6369307
75.900000 -17.700000 6369307
-12.100000 30.400000 6369307
-36.400000 2.900000 6369307
-2.800000 22.900000 6369307
22.400000 -22.100000 6369307
11.600000 16.200000 6369307
-18.900000 -48.400000 6369307
7.800000 -15.500000 6369307
1.300000 -22.300000 6369307
-48.500000 13.800000 6369307
-34.600000 46.300000 6369307
2.200000 -14.800000 6369307
-35.100000 26.000000 6369307
-64.500000 43.500000 6369307
2.800000 43.700000 6369307
24.300000 41.800000 6369307
-16.200000 -18.000000 6369307
6.500000 -18.900000 6369307
10.400000 72.500000 6369307
10.400000 -44.100000 6369307
20.600000 3.700000 6369307
-27.200000 3.400000 6369307
-11.200000 -13.800000 6369307
-35.200000 -36.400000 6369307
-52.500000 -65.300000 6369307
50.000000 -0.300000 6369307
-15.700000 -10.800000 6369307
34.700000 2.400000 6369307
8.000000 26.100000 6369307
-22.400000 1.700000 6369307
-15.000000 73.500000 6369307
25.400000 -54.600000 6369307
36.500000 27.300000 6369307
38.600000 18.500000 6369307
49.900000 37.500000 6369307
-40.600000 79.300000 6369307
17.100000 -9.300000 6369307
-39.600000 48.300000 6369307
11.700000 -54.500000 6369307
-7.200000 -73.200000 6369307
-44.500000 84.500000 6369307
-55.100000 -21.200000 6369307
-32.700000 -4.500000 6369307
31.900000 -9.200000 6369307
-19.600000 29.400000 6369307
-3.400000 -48.800000 6369307
-52.600000 4.300000 6369307
-17.000000 -3.000000 6369307
15.500000 49.200000 6369307
74.200000 62.600000 6369307
-28.300000 12.500000 6369307
-4.200000 -26.900000 6369307
8.800000 -16.500000 6369307
28.000000 66.900000 6369307
-40.700000 -24.400000 6369307
-48.100000 8.600000 6369307
12.400000 3.300000 6369307
24.200000 4.600000 6369307
21.700000 9.100000 6369307
-45.800000 22.900000 6369307
-55.300000 13.800000 6369307
31.100000 29.200000 6369307
-22.500000 -22.900000 6369307
-19.600000 -49.200000 6369307
51.000000 32.500000 6369307
5.300000 11.900000 6369307
-59.100000 11.400000 6369307
16.000000 -5.200000 6369307
-26.600000 40.800000 6369307
53.800000 49.500000 6369307
-36.500000 8.300000 6369307
11.800000 17.000000 6369307
-21.600000 -45.800000 6369307
-2.600000 -21.200000 6369307
56.000000 -3.800000 6369307
7.400000 4.600000 6369307
15.100000 23.000000 6369307
-53.400000 42.100000 6369307
2.100000 59.400000 6369307
-33.000000 0.300000 6369307
-0.200000 -37.200000 6369307
-2.000000 -33.300000 6369307
26.100000 -23.500000 6369307
52.000000 37.800000 6369307
-3.200000 25.300000 6369307
-17.000000 -46.300000 6369307
-103.700000 45.300000 6369307
24.900000 -85.700000 6369307
47.500000 12.600000 6369307
0.900000 24.800000 6369307
-25.200000 26.900000 6369307
-58.300000 16.900000 6369307
-21.800000 2.800000 6369307
41.900000 15.200000 6369307
-36.900000 76.600000 6369307
-20.700000 19.100000 6369307
-45.400000 -12.800000 6369307
-54.500000 -1.100000 6369307
36.600000 -61.000000 6369307
98.100000 21.900000 6369307
-1.900000 42.300000 6369307
-77.100000 53.800000 6369307
-25.400000 -31.600000 6369307
34.200000 -60.600000 6369307
-49.500000 12.900000 6369307
-17.900000 6.900000 6369307
-105.300000 11.200000 6369307
-6.400000 -34.700000 6369307
17.500000 23.400000 6369307
28.800000 -48.300000 6369307
39.800000 -21.200000 6369307
-65.000000 14.100000 6369307
-82.200000 -11.100000 6369307
-0.300000 -73.100000 6369307
-40.500000 17.900000 6369307
-32.300000 17.100000 6369307
9.500000 -61.100000 6369307
-55.200000 62.600000 6369307
-19.100000 12.900000 6369307
-20.700000 -93.000000 6369307
-62.700000 -46.500000 6369307
-13.800000 10.000000 6369307
5.300000 62.200000 6369307
64.200000 -27.400000 6369307
9.900000 10.400000 6369307
44.300000 -65.400000 6369307
14.700000 19.000000 6369307
0.800000 76.200000 6369307
-54.400000 30.300000 6369307
28.100000 -34.600000 6369307
0.600000 -42.400000 6369307
-41.500000 48.400000 6369307
16.900000 -3.700000 6369307
39.500000 87.700000 6369307
-6.400000 60.700000 6369307
-22.300000 -35.600000 6369307
6.900000 -22.400000 6369307
34.400000 14.700000 6369307
-41.400000 16.000000 6369307
-54.900000 11.200000 6369307
32.300000 -0.800000 6369307
36.900000 7.400000 6369307
-34.100000 41.500000 6369307
10.000000 26.200000 6369307
-6.400000 -53.400000 6369307
-9.000000 -55.500000 6369307
-54.800000 35.000000 6369307
76.100000 18.500000 6369307
18.000000 -35.000000 6369307
69.000000 -30.100000 6369307
14.200000 -18.700000 6369307
-6.800000 -13.300000 6369307
46.900000 19.000000 6369307
-20.600000 -32.900000 6369307
75.800000 8.700000 6369307
-30.600000 53.400000 6369307
-29.200000 19.100000 6369307
-21.900000 44.300000 6369307
-44.400000 31.700000 6369307
36.200000 -22.900000 6369307
-76.300000 -49.800000 6369307
-14.500000 -17.400000 6369307
-58.100000 -72.100000 6369307
87.800000 -27.400000 6369307
-51.000000 5.600000 6369307
-56.200000 4.800000 6369307
-1.300000 84.100000 6369307
69.900000 -21.900000 6369307
10.300000 -99.700000 6369307
28.000000 3.100000 6369307
-10.100000 5.400000 6369307
44.100000 9.100000 6369307
-2.800000 -38.200000 6369307
0.100000 64.500000 6369307
-40.900000 4.600000 6369307
-31.500000 -4.900000 6369307
-49.900000 46.200000 6369307
42.300000 -14.500000 6369307
-16.000000 23.000000 6369307
-42.600000 49.000000 6369307
-6.500000 35.400000 6369307
-44.700000 7.200000 6369307
-19.700000 0.400000 6369307
-54.500000 -11.800000 6369307
-24.400000 -7.100000 6369307
-57.000000 -42.000000 6369307
-43.100000 -32.400000 6369307
-37.000000 -42.700000 6369307
35.900000 -18.600000 6369307
-44.500000 46.500000 6369307
-47.500000 -22.000000 6369307
14.200000 -9.400000 6369307
-9.600000 -17.500000 6369307
43.300000 5.600000 6369307
-59.500000 28.900000 6369307
8.200000 78.900000 6369307
-5.100000 33.800000 6369307
35.000000 -13.400000 6369307
-68.200000 -42.400000 6369307
57.700000 39.200000 6369307
-34.800000 -4.700000 6369307
24.400000 -38.600000 6369307
20.100000 -50.400000 6369307
24.600000 -42.500000 6369307
-27.900000 31.000000 6369307
-3.400000 26.100000 6369307
-19.500000 5.000000 6369307
-23.200000 1.100000 6369307
-8.400000 0.400000 6369307
-19.100000 34.900000 6369307
-3.100000 -37.800000 6369307
45.700000 -72.700000 6369307
33.300000 63.600000 6369307
-74.300000 23.900000 6369307
-54.700000 -68.700000 6369307
49.900000 17.900000 6369307
9.000000 49.600000 6369307
1.700000 19.600000 6369307
72.300000 -44.000000 6369307
-34.500000 28.100000 6369307
-42.200000 23.400000 6369307
38.100000 -12.100000 6369307
-45.400000 40.000000 6369307
-53.700000 79.600000 6369307
38.400000 3.600000 6369307
-12.900000 27.100000 6369307
16.600000 72.700000 6369307
3.800000 21.600000 6369307
-34.300000 12.400000 6369307
13.800000 94.200000 6369307
20.100000 4.400000 6369307
-19.300000 0.900000 6369307
-1.500000 17.500000 6369307
69.900000 -32.600000 6369307
-13.300000 -2.600000 6369307
-33.300000 15.600000 6369307
3.200000 -23.900000 6369307
-6.200000 -28.600000 6369307
-49.700000 -32.100000 6369307
39.200000 46.900000 6369307
-22.400000 -29.100000 6369307
0.700000 -30.100000 6369307
-19.200000 17.700000 6369307
27.500000 5.300000 6369307
-76.100000 -36.900000 6369307
53.300000 9.800000 6369307
39.200000 46.900000 6369307
-11.100000 -403.600000 5806908
27.000000 -419.800000 5806908
36.400000 -419.400000 5806908
-65.000000 -389.700000 5806908
10.300000 -376.800000 5806908
244.600000 -398.300000 5806908
30.200000 -422.700000 5806908
-123.300000 -398.200000 5806908
58.800000 -422.200000 5806908
26.600000 -421.500000 5806908
169.400000 -402.300000 5806908
-107.500000 -388.000000 5806908
11.700000 -410.300000 5806908
30.100000 -408.700000 5806908
-31.400000 -416.000000 5806908
36.900000 -357.800000 5806908
-0.300000 -410.200000 5806908
118.300000 -401.400000 5806908
-86.600000 -442.300000 5806908
32.400000 -388.500000 5806908
-38.000000 -429.500000 5806908
-6.000000 -420.300000 5806908
-46.600000 -444.100000 5806908
-39.800000 -387.500000 5806908
77.000000 -403.200000 5806908
-165.800000 -405.300000 5806908
71.900000 -399.700000 5806908
-32.800000 -389.400000 5806908
97.000000 -375.000000 5806908
18.400000 -395.800000 5806908
-0.800000 -422.700000 5806908
-188.300000 -380.400000 5806908
-66.900000 -413.200000 5806908
-185.100000 -428.500000 5806908
-144.900000 -393.500000 5806908
-45.700000 -414.600000 5806908
24.700000 -382.000000 5806908
-4.900000 -407.100000 5806908
7.100000 -424.100000 5806908
-107.100000 -384.600000 5806908
-99.900000 -415.100000 5806908
-72.100000 -406.900000 5806908
-5.400000 -392.600000 5806908
-6.000000 -396.000000 5806908
-10.900000 -390.700000 5806908
-43.600000 -380.900000 5806908
-64.500000 -433.300000 5806908
64.200000 -405.600000 5806908
19.500000 -396.900000 5806908
148.900000 -400.800000 5806908
-7.500000 -412.500000 5806908
76.000000 -397.900000 5806908
-163.100000 -440.900000 5806908
22.400000 -422.100000 5806908
-42.900000 -408.300000 5806908
-73.100000 -375.900000 5806908
-113.600000 -358.900000 5806908
-5.000000 -416.200000 5806908
78.100000 -436.000000 5806908
-105.500000 -397.800000 5806908
117.700000 -359.100000 5806908
-87.800000 -382.700000 5806908
-65.600000 -409.400000 5806908
218.500000 -380.900000 5806908
41.600000 -419.200000 5806908
-59.700000 -367.700000 5806908
14.900000 -361.600000 5806908
-17.100000 -384.000000 5806908
-34.200000 -383.000000 5806908
188.600000 -388.200000 5806908
-134.600000 -397.900000 5806908
42.200000 -412.200000 5806908
83.200000 -382.600000 5806908
-81.900000 -405.000000 5806908
-83.800000 -402.700000 5806908
-73.600000 -404.300000 5806908
-28.500000 -403.600000 5806908
55.500000 -367.800000 5806908
25.700000 -404.100000 5806908
18.800000 -389.300000 5806908
138.000000 -375.300000 5806908
67.800000 -418.600000 5806908
66.400000 -403.500000 5806908
-0.300000 -370.000000 5806908
174.000000 -386.000000 5806908
-89.500000 -389.800000 5806908
81.200000 -363.700000 5806908
-12.600000 -425.800000 5806908
36.400000 -402.600000 5806908
39.500000 -414.400000 5806908
-178.000000 -398.100000 5806908
-5.800000 -416.400000 5806908
102.500000 -389.000000 5806908
-20.700000 -399.600000 5806908
-63.600000 -395.300000 5806908
77.400000 -425.400000 5806908
171.300000 -360.600000 5806908
61.600000 -396.400000 5806908
-103.600000 -390.100000 5806908
-58.200000 -432.300000 5806908
77.400000 -410.500000 5806908
155.800000 -409.000000 5806908
-11.500000 -396.600000 5806908
26.000000 -403.600000 5806908
-50.200000 -386.400000 5806908
78.000000 -382.000000 5806908
120.800000 -414.700000 5806908
50.900000 -435.900000 5806908
10.000000 -389.200000 5806908
137.100000 -391.400000 5806908
185.100000 -424.500000 5806908
-23.800000 -402.500000 5806908
10.900000 -424.100000 5806908
-134.800000 -385.800000 5806908
26.500000 -382.200000 5806908
-71.900000 -421.600000 5806908
136.400000 -406.000000 5806908
47.200000 -368.400000 5806908
-5.400000 -388.300000 5806908
-155.100000 -396.400000 5806908
2.700000 -429.300000 5806908
-119.900000 -431.000000 5806908
-100.800000 -423.400000 5806908
-140.600000 -415.800000 5806908
76.500000 -375.600000 5806908
69.700000 -400.400000 5806908
136.600000 -416.500000 5806908
53.500000 -383.800000 5806908
-19.300000 -395.600000 5806908
-113.000000 -398.800000 5806908
-20.600000 -393.500000 5806908
26.600000 -401.000000 5806908
-63.200000 -399.800000 5806908
-161.900000 -425.800000 5806908
20.400000 -387.800000 5806908
-144.100000 -374.400000 5806908
-29.100000 -386.500000 5806908
-109.300000 -400.500000 5806908
-131.300000 -417.400000 5806908
9.300000 -401.400000 5806908
-46.000000 -379.500000 5806908
-16.100000 -376.200000 5806908
-129.400000 -366.800000 5806908
51.300000 -396.500000 5806908
-43.200000 -403.100000 5806908
109.800000 -393.200000 5806908
4.000000 -405.300000 5806908
-20.100000 -419.800000 5806908
-17.700000 -421.600000 5806908
-6.100000 -430.300000 5806908
26.400000 -417.000000 5806908
94.200000 -396.900000 5806908
46.500000 -382.700000 5806908
73.000000 -409.300000 5806908
-90.600000 -392.700000 5806908
-177.200000 -420.400000 5806908
135.900000 -384.500000 5806908
-73.500000 -440.300000 5806908
-12.800000 -403.400000 5806908
29.500000 -409.900000 5806908
-52.500000 -382.000000 5806908
61.900000 -394.100000 5806908
149.100000 -373.300000 5806908
-85.400000 -435.900000 5806908
-84.900000 -392.900000 5806908
-16.000000 -407.900000 5806908
-6.700000 -407.900000 5806908
-137.500000 -417.200000 5806908
-84.200000 -425.900000 5806908
158.600000 -385.100000 5806908
-63.000000 -357.100000 5806908
-80.600000 -408.100000 5806908
-72.200000 -392.800000 5806908
-178.600000 -365.200000 5806908
-98.200000 -401.300000 5806908
74.400000 -402.100000 5806908
140.900000 -386.200000 5806908
7.600000 -400.800000 5806908
32.800000 -395.500000 5806908
-4.200000 -401.800000 5806908
49.300000 -404.900000 5806908
-8.300000 -396.100000 5806908
17.900000 -385.400000 5806908
-96.400000 -432.900000 5806908
-70.900000 -444.300000 5806908
-61.400000 -423.600000 5806908
-57.500000 -418.500000 5806908
54.100000 -402.000000 5806908
-160.500000 -392.300000 5806908
153.200000 -394.100000 5806908
112.400000 -404.200000 5806908
-38.900000 -445.400000 5806908
-95.300000 -387.700000 5806908
146.900000 -386.700000 5806908
9.300000 -409.900000 5806908
62.400000 -374.700000 5806908
186.900000 -414.400000 5806908
-48.900000 -393.600000 5806908
-29.400000 -422.300000 5806908
-68.300000 -409.900000 5806908
-43.800000 -384.800000 5806908
-175.500000 -419.600000 5806908
204.700000 -414.600000 5806908
146.100000 -392.700000 5806908
94.100000 -374.300000 5806908
100.700000 -413.100000 5806908
-199.800000 -376.300000 5806908
-204.900000 -390.500000 5806908
-245.300000 -381.500000 5806908
91.300000 -379.200000 5806908
2.900000 -431.800000 5806908
-55.500000 -393.200000 5806908
-81.700000 -387.100000 5806908
-107.100000 -404.100000 5806908
-56.500000 -387.400000 5806908
51.200000 -413.200000 5806908
20.500000 -401.800000 5806908
-136.500000 -397.400000 5806908
11.400000 -396.800000 5806908
88.400000 -444.100000 5806908
-254.400000 -400.100000 5806908
147.700000 -418.600000 5806908
-160.500000 -390.700000 5806908
-65.800000 -423.000000 5806908
-47.800000 -403.200000 5806908
-56.100000 -371.800000 5806908
30.200000 -395.400000 5806908
-111.700000 -420.700000 5806908
-177.500000 -397.300000 5806908
52.100000 -366.200000 5806908
-88.000000 -392.100000 5806908
59.300000 -407.700000 5806908
-0.500000 -394.800000 5806908
-26.700000 -457.600000 5806908
40.500000 -380.400000 5806908
17.200000 -406.500000 5806908
33.400000 -384.200000 5806908
21.000000 -436.500000 5806908
67.200000 -371.000000 5806908
139.200000 -373.500000 5806908
-144.300000 -386.900000 5806908
3.500000 -389.000000 5806908
104.800000 -381.700000 5806908
-76.400000 -378.100000 5806908
40.000000 -417.700000 5806908
-88.500000 -382.100000 5806908
61.200000 -428.300000 5806908
-5.500000 -399.500000 5806908
1.300000 -369.100000 5806908
86.200000 -407.400000 5806908
9.100000 -384.100000 5806908
78.400000 -394.000000 5806908
-56.100000 -392.000000 5806908
1.600000 -385.400000 5806908
-116.400000 -364.100000 5806908
-128.600000 -401.100000 5806908
-21.300000 -434.800000 5806908
-24.300000 -411.400000 5806908
-44.300000 -403.700000 5806908
6.100000 -387.500000 5806908
49.700000 -409.200000 5806908
33.900000 -425.200000 5806908
22.600000 -421.400000 5806908
-150.900000 -410.400000 5806908
-58.200000 -386.900000 5806908
18.700000 -393.200000 5806908
-40.900000 -387.600000 5806908
-0.300000 -428.400000 5806908
176.100000 -392.500000 5806908
16.300000 -398.500000 5806908
59.600000 -423.400000 5806908
145.900000 -407.300000 5806908
-8.600000 -404.000000 5806908
167.600000 -390.400000 5806908
146.300000 -429.600000 5806908
92.300000 -433.800000 5806908
-159.200000 -364.800000 5806908
-74.200000 -394.000000 5806908
-83.800000 -396.700000 5806908
-163.800000 -412.300000 5806908
-77.200000 -408.100000 5806908
46.300000 -407.600000 5806908
-39.500000 -375.000000 5806908
-43.100000 -380.400000 5806908
94.200000 -416.700000 5806908
-123.600000 -385.600000 5806908
-6.200000 -431.200000 5806908
33.900000 -370.900000 5806908
-149.800000 -416.300000 5806908
-92.900000 -419.000000 5806908
-68.800000 -373.800000 5806908
-49.100000 -380.300000 5806908
31.000000 -365.100000 5806908
-63.000000 -384.100000 5806908
15.500000 -430.800000 5806908
-0.200000 -425.000000 5806908
-40.900000 -399.200000 5806908
-52.100000 -412.400000 5806908
42.400000 -401.800000 5806908
-23.200000 -384.300000 5806908
24.900000 -406.000000 5806908
-3.800000 -378.600000 5806908
62.300000 -384.500000 5806908
-36.800000 -385.000000 5806908
-86.500000 -421.500000 5806908
-31.000000 -416.900000 5806908
-6.500000 -375.700000 5806908
-236.100000 -399.400000 5806908
-10.500000 -422.600000 5806908
47.400000 -389.700000 5806908
-210.100000 -379.900000 5806908
34.200000 -399.700000 5806908
-125.700000 -402.400000 5806908
-28.900000 -409.100000 5806908
-26.200000 -415.000000 5806908
56.000000 -374.400000 5806908
108.400000 -390.400000 5806908
-143.500000 -373.600000 5806908
-52.900000 -407.700000 5806908
15.800000 -413.500000 5806908
139.800000 -393.400000 5806908
-0.300000 -402.900000 5806908
54.000000 -404.900000 5806908
110.400000 -382.900000 5806908
53.200000 -387.200000 5806908
90.900000 -424.000000 5806908
-23.400000 -428.700000 5806908
170.800000 -373.400000 5806908
4.000000 -422.000000 5806908
8.100000 -418.200000 5806908
-117.700000 -427.700000 5806908
34.000000 -369.300000 5806908
-40.200000 -422.400000 5806908
-2.600000 -401.700000 5806908
37.400000 -383.200000 5806908
-67.200000 -407.300000 5806908
-2.700000 -380.900000 5806908
42.700000 -409.700000 5806908
20.800000 -392.600000 5806908
-94.400000 -410.800000 5806908
-98.200000 -423.700000 5806908
-47.500000 -407.100000 5806908
-135.800000 -386.900000 5806908
-38.000000 -392.100000 5806908
-78.100000 -437.700000 5806908
60.900000 -409.900000 5806908
27.900000 -418.300000 5806908
-21.700000 -399.100000 5806908
-3.200000 -417.100000 5806908
132.000000 -395.900000 5806908
194.700000 -403.700000 5806908
132.800000 -432.000000 5806908
-59.500000 -377.800000 5806908
32.500000 -404.600000 5806908
-99.900000 -416.100000 5806908
-72.400000 -377.400000 5806908
146.300000 -388.500000 5806908
-84.600000 -431.700000 5806908
33.500000 -390.600000 5806908
36.500000 -422.400000 5806908
78.200000 -398.500000 5806908
81.300000 -418.500000 5806908
-13.700000 -387.100000 5806908
-38.700000 -409.500000 5806908
-20.400000 -393.400000 5806908
44.200000 -404.300000 5806908
-58.900000 -394.500000 5806908
-75.800000 -410.400000 5806908
33.200000 -379.600000 5806908
-23.600000 -363.900000 5806908
-40.900000 -433.600000 5806908
83.200000 -390.600000 5806908
200.900000 -443.900000 5806908
191.600000 -403.100000 5806908
124.500000 -394.100000 5806908
37.500000 -421.800000 5806908
149.900000 -398.700000 5806908
-31.500000 -424.000000 5806908
-2.200000 -404.700000 5806908
62.500000 -377.700000 5806908
-2.700000 -397.900000 5806908
43.700000 -408.400000 5806908
-267.900000 -411.300000 5806908
38.300000 -408.300000 5806908
14.600000 -360.800000 5806908
17.400000 -376.700000 5806908
-46.400000 -404.800000 5806908
75.900000 -390.300000 5806908
-32.600000 -404.700000 5806908
-175.400000 -391.500000 5806908
10.500000 -387.000000 5806908
141.200000 -353.700000 5806908
-148.600000 -393.200000 5806908
-45.400000 -396.700000 5806908
89.100000 -388.100000 5806908
-217.700000 -453.400000 5806908
-20.500000 -398.600000 5806908
-165.200000 -394.200000 5806908
19.200000 -412.900000 5806908
-66.800000 -429.700000 5806908
-71.200000 -392.000000 5806908
5.400000 -414.700000 5806908
-14.100000 -387.600000 5806908
0.500000 -378.800000 5806908
87.700000 -398.500000 5806908
-58.800000 -412.600000 5806908
111.500000 -417.200000 5806908
-15.800000 -388.300000 5806908
132.900000 -411.100000 5806908
19.200000 -412.800000 5806908
120.200000 -403.600000 5806908
-15.200000 -428.200000 5806908
53.500000 -366.000000 5806908
-162.100000 -396.000000 5806908
103.600000 -392.200000 5806908
9.800000 -397.400000 5806908
30.500000 -390.100000 5806908
172.100000 -403.400000 5806908
-38.400000 -408.600000 5806908
3.900000 -416.200000 5806908
-21.600000 -381.700000 5806908
43.700000 -394.700000 5806908
-68.000000 -365.600000 5806908
-9.800000 -379.900000 5806908
6.000000 -398.500000 5806908
-102.600000 -407.500000 5806908
128.500000 -397.000000 5806908
-57.300000 -423.300000 5806908
-142.300000 -395.300000 5806908
-35.400000 -407.200000 5806908
-154.900000 -419.600000 5806908
-100.600000 -395.600000 5806908
-5.500000 -391.700000 5806908
-111.600000 -385.500000 5806908
104.000000 -435.900000 5806908
128.000000 -406.100000 5806908
-150.900000 -364.800000 5806908
75.400000 -433.200000 5806908
167.800000 -411.800000 5806908
-37.500000 -405.500000 5806908
-38.200000 -421.700000 5806908
-132.900000 -402.900000 5806908
-36.200000 -398.700000 5806908
63.300000 -405.100000 5806908
72.500000 -379.500000 5806908
-193.700000 -399.500000 5806908
-110.000000 -358.400000 5806908
-52.000000 -396.800000 5806908
29.200000 -408.800000 5806908
94.200000 -389.000000 5806908
-28.100000 -392.200000 5806908
-86.700000 -405.100000 5806908
3.500000 -392.300000 5806908
7.300000 -406.100000 5806908
-151.500000 -427.000000 5806908
67.700000 -396.400000 5806908
53.300000 -373.200000 5806908
21.200000 -394.600000 5806908
-87.500000 -440.000000 5806908
19.900000 -406.600000 5806908
-144.100000 -430.700000 5806908
-211.400000 -376.000000 5806908
26.000000 -403.700000 5806908
78.000000 -379.300000 5806908
-202.700000 -397.200000 5806908
9.600000 -396.700000 5806908
-29.200000 -429.100000 5806908
128.000000 -422.100000 5806908
26.400000 -356.100000 5806908
-29.500000 -375.300000 5806908
28.400000 -404.700000 5806908
38.600000 -372.200000 5806908
-47.000000 -408.800000 5806908
-42.600000 -389.200000 5806908
72.900000 -445.500000 5806908
-87.800000 -384.300000 5806908
127.300000 -383.100000 5806908
186.500000 -395.200000 5806908
-19.700000 -398.600000 5806908
-103.700000 -423.400000 5806908
121.800000 -392.400000 5806908
-119.200000 -399.800000 5806908
-86.200000 -403.900000 5806908
31.800000 -405.800000 5806908
-111.900000 -399.900000 5806908
-27.400000 -374.600000 5806908
-38.100000 -407.800000 5806908
-11.500000 -427.500000 5806908
-53.000000 -403.200000 5806908
69.800000 -370.000000 5806908
-109.900000 -408.100000 5806908
10.100000 -395.800000 5806908
-61.100000 -394.700000 5806908
-64.600000 -432.400000 5806908
15.300000 -409.100000 5806908
16.900000 -417.600000 5806908
75.600000 -373.700000 5806908
-77.400000 -394.100000 5806908
107.300000 -387.000000 5806908
-38.900000 -411.000000 5806908
-110.300000 -416.400000 5806908
72.200000 -398.900000 5806908
-60.900000 -403.700000 5806908
-87.500000 -397.400000 5806908
-14.900000 -423.500000 5806908
5.500000 -402.100000 5806908
69.700000 -442.500000 5806908
153.600000 -405.700000 5806908
60.000000 -397.500000 5806908
-21.600000 -399.300000 5806908
14.200000 -416.400000 5806908
19.900000 -414.500000 5806908
43.800000 -404.100000 5806908
92.600000 -391.200000 5806908
111.400000 -364.600000 5806908
15.500000 -400.600000 5806908
-127.200000 -415.200000 5806908
-67.600000 -405.300000 5806908
-67.500000 -372.600000 5806908
-205.300000 -389.200000 5806908
-47.600000 -382.700000 5806908
-67.800000 -390.400000 5806908
-40.000000 -409.700000 5806908
120.200000 -411.100000 5806908
-27.300000 -394.900000 5806908
149.800000 -364.700000 5806908
21.300000 -404.700000 5806908
34.700000 -395.300000 5806908
64.100000 -412.100000 5806908
76.600000 -376.500000 5806908
117.100000 -387.700000 5806908
221.100000 -368.700000 5806908
67.500000 -390.800000 5806908
-229.100000 -404.900000 5806908
99.000000 -419.300000 5806908
22.800000 -386.200000 5806908
99.800000 -408.000000 5806908
82.100000 -376.200000 5806908
-29.700000 -406.300000 5806908
19.400000 -384.200000 5806908
113.100000 -399.000000 5806908
-11.600000 -416.000000 5806908
-58.100000 -392.100000 5806908
95.700000 -418.900000 5806908
7.700000 -394.000000 5806908
-31.600000 -374.600000 5806908
110.000000 -411.300000 5806908
37.700000 -382.300000 5806908
-117.700000 -380.900000 5806908
-1.900000 -425.900000 5806908
-72.400000 -390.100000 5806908
27.900000 -398.800000 5806908
68.800000 -436.800000 5806908
-3.500000 -427.600000 5806908
93.200000 -374.100000 5806908
0.300000 -404.700000 5806908
146.800000 -408.100000 5806908
31.900000 -398.800000 5806908
-108.400000 -412.000000 5806908
211.600000 -406.000000 5806908
-16.300000 -407.000000 5806908
-133.500000 -400.700000 5806908
43.600000 -386.300000 5806908
18.700000 -412.400000 5806908
66.000000 -419.800000 5806908
86.800000 -432.300000 5806908
39.000000 -413.100000 5806908
-144.300000 -404.500000 5806908
-100.700000 -418.200000 5806908
-12.200000 -389.700000 5806908
162.100000 -383.800000 5806908
-6.800000 -422.400000 5806908
-12.500000 -403.700000 5806908
-103.800000 -431.900000 5806908
-50.100000 -413.400000 5806908
61.700000 -425.800000 5806908
176.600000 -377.200000 5806908
131.700000 -407.000000 5806908
-201.900000 -398.600000 5806908
15.000000 -405.500000 5806908
-108.300000 -394.900000 5806908
-44.000000 -430.700000 5806908
-102.900000 -381.000000 5806908
38.200000 -400.500000 5806908
37.200000 -407.500000 5806908
7.700000 -428.400000 5806908
-28.100000 -410.700000 5806908
106.600000 -388.000000 5806908
27.800000 -426.500000 5806908
-184.400000 -449.400000 5806908
148.700000 -385.800000 5806908
50.500000 -369.300000 5806908
0.200000 -399.300000 5806908
167.500000 -396.000000 5806908
-10.900000 -396.700000 5806908
-44.400000 -429.000000 5806908
81.000000 -363.600000 5806908
110.400000 -412.700000 5806908
26.000000 -404.900000 5806908
-29.600000 -411.600000 5806908
-39.700000 -425.800000 5806908
-27.600000 -401.900000 5806908
-31.000000 -415.000000 5806908
20.500000 -406.400000 5806908
105.800000 -403.500000 5806908
-53.600000 -396.900000 5806908
38.100000 -407.000000 5806908
-88.200000 -434.800000 5806908
-114.100000 -415.900000 5806908
-124.300000 -418.200000 5806908
214.300000 -416.200000 5806908
3.600000 -382.800000 5806908
-39.400000 -359.500000 5806908
-30.200000 -357.500000 5806908
-130.000000 -382.500000 5806908
-31.700000 -394.800000 5806908
-75.000000 -369.800000 5806908
12.700000 -421.900000 5806908
108.900000 -413.400000 5806908
-23.600000 -413.000000 5806908
96.700000 -373.700000 5806908
-87.900000 -420.700000 5806908
4.900000 -393.600000 5806908
48.900000 -405.100000 5806908
76.600000 -425.000000 5806908
-60.400000 -390.000000 5806908
-66.700000 -397.800000 5806908
46.400000 -402.200000 5806908
52.200000 -435.500000 5806908
240.600000 -401.300000 5806908
160.500000 -415.500000 5806908
-39.200000 -429.700000 5806908
24.700000 -372.100000 5806908
33.200000 -390.600000 5806908
104.900000 -394.900000 5806908
141.600000 -402.400000 5806908
-62.400000 -399.100000 5806908
20.600000 -400.300000 5806908
86.400000 -362.500000 5806908
137.400000 -424.200000 5806908
-62.200000 -385.900000 5806908
-84.100000 -389.800000 5806908
-57.500000 -395.600000 5806908
42.400000 -366.500000 5806908
-101.500000 -415.200000 5806908
163.900000 -387.200000 5806908
28.000000 -375.400000 5806908
-4.600000 -395.700000 5806908
90.100000 -421.600000 5806908
-42.000000 -441.300000 5806908
88.300000 -396.700000 5806908
39.100000 -385.400000 5806908
75.200000 -384.100000 5806908
-149.900000 -397.500000 5806908
42.400000 -395.500000 5806908
11.100000 -400.200000 5806908
-0.400000 -391.700000 5806908
134.500000 -413.400000 5806908
-89.500000 -385.000000 5806908
170.100000 -402.500000 5806908
-22.400000 -406.200000 5806908
-117.100000 -426.000000 5806908
-21.600000 -390.400000 5806908
41.400000 -400.500000 5806908
-45.600000 -432.900000 5806908
79.900000 -403.300000 5806908
32.900000 -420.300000 5806908
-37.200000 -381.900000 5806908
-86.400000 -397.300000 5806908
34.600000 -381.700000 5806908
142.400000 -395.900000 5806908
80.900000 -375.300000 5806908
165.300000 -364.200000 5806908
5.800000 -395.400000 5806908
-50.900000 -413.000000 5806908
33.800000 -377.500000 5806908
-4.000000 -355.700000 5806908
170.700000 -393.300000 5806908
65.500000 -405.100000 5806908
160.300000 -398.500000 5806908
173.400000 -358.000000 5806908
-80.300000 -396.600000 5806908
-34.400000 -410.500000 5806908
-100.000000 -425.000000 5806908
-1.300000 -412.000000 5806908
-154.700000 -405.900000 5806908
77.500000 -396.600000 5806908
-183.900000 -389.600000 5806908
-28.100000 -404.300000 5806908
-137.600000 -391.500000 5806908
-70.600000 -404.400000 5806908
-53.200000 -367.700000 5806908
108.000000 -394.700000 5806908
-137.100000 -394.900000 5806908
64.000000 -417.400000 5806908
111.900000 -430.600000 5806908
117.400000 -410.800000 5806908
76.300000 -391.000000 5806908
-25.200000 -394.900000 5806908
97.800000 -412.200000 5806908
3.800000 -377.800000 5806908
162.900000 -427.600000 5806908
81.100000 -379.700000 5806908
82.600000 -411.600000 5806908
185.400000 -384.100000 5806908
-84.600000 -369.600000 5806908
33.300000 -399.300000 5806908
-36.600000 -409.500000 5806908
112.300000 -375.800000 5806908
39.500000 -405.200000 5806908
64.100000 -376.300000 5806908
90.500000 -413.200000 5806908
17.100000 -394.900000 5806908
4.100000 -425.300000 5806908
98.600000 -390.900000 5806908
149.100000 -374.300000 5806908
208.500000 -406.100000 5806908
-34.500000 -393.700000 5806908
55.200000 -384.500000 5806908
169.600000 -396.200000 5806908
-27.000000 -397.500000 5806908
-169.600000 -394.600000 5806908
69.300000 -394.400000 5806908
39.100000 -386.100000 5806908
99.300000 -398.500000 5806908
-17.000000 -368.100000 5806908
228.700000 -402.600000 5806908
-14.500000 -419.100000 5806908
103.400000 -411.000000 5806908
-110.400000 -437.700000 5806908
-7.600000 -410.300000 5806908
-98.000000 -400.400000 5806908
33.300000 -396.800000 5806908
54.000000 -413.000000 5806908
164.600000 -390.300000 5806908
-7.600000 -399.900000 5806908
-63.300000 -408.500000 5806908
-187.500000 -406.400000 5806908
-5.200000 -386.400000 5806908
155.400000 -422.900000 5806908
19.200000 -435.700000 5806908
-12.100000 -416.900000 5806908
52.100000 -417.900000 5806908
22.300000 -398.000000 5806908
-111.800000 -398.900000 5806908
-169.500000 -413.400000 5806908
-13.200000 -368.600000 5806908
-97.600000 -414.900000 5806908
-12.800000 -441.800000 5806908
-43.300000 -384.100000 5806908
34.800000 -405.000000 5806908
56.400000 -398.700000 5806908
-49.000000 -428.100000 5806908
-44.600000 -367.900000 5806908
154.300000 -413.400000 5806908
163.000000 -387.300000 5806908
123.000000 -400.000000 5806908
-47.400000 -367.900000 5806908
43.000000 -398.400000 5806908
15.500000 -368.600000 5806908
-82.500000 -403.800000 5806908
62.500000 -412.700000 5806908
141.400000 -410.600000 5806908
-214.100000 -406.200000 5806908
65.400000 -416.500000 5806908
-66.800000 -397.500000 5806908
111.500000 -399.800000 5806908
28.000000 -409.100000 5806908
9.200000 -407.500000 5806908
-73.000000 -414.800000 5806908
-9.300000 -382.400000 5806908
-27.300000 -388.700000 5806908
35.600000 -435.300000 5806908
-158.500000 -394.100000 5806908
133.400000 -423.300000 5806908
-66.700000 -385.500000 5806908
49.100000 -382.400000 5806908
25.500000 -417.200000 5806908
-87.500000 -427.400000 5806908
28.900000 -380.500000 5806908
9.000000 -416.600000 5806908
-50.900000 -399.800000 5806908
97.900000 -424.900000 5806908
46.800000 -412.900000 5806908
27.300000 -400.600000 5806908
104.300000 -357.000000 5806908
200.400000 -409.100000 5806908
-35.900000 -393.000000 5806908
49.700000 -402.500000 5806908
-4.000000 -385.600000 5806908
-56.800000 -416.200000 5806908
112.800000 -411.500000 5806908
27.500000 -393.700000 5806908
95.900000 -408.700000 5806908
-67.600000 -407.800000 5806908
-14.100000 -420.400000 5806908
-38.800000 -398.800000 5806908
95.300000 -426.100000 5806908
144.600000 -400.300000 5806908
-13.500000 -393.900000 5806908
606.000000 351.166667 79813
530.833333 422.500000 79813
614.000000 302.666667 79813
489.833333 308.333333 79813
423.500000 420.000000 79813
376.666667 406.000000 79813
652.833333 354.500000 79813
497.833333 384.166667 79813
341.500000 485.000000 79813
433.166667 399.500000 79813
674.000000 364.333333 79813
636.000000 363.666667 79813
563.666667 257.166667 79813
566.166667 360.833333 79813
615.833333 385.833333 79813
674.333333 438.666667 79813
427.000000 424.000000 79813
782.166667 436.833333 79813
443.166667 401.333333 79813
491.000000 456.833333 79813
424.500000 427.333333 79813
618.166667 400.500000 79813
675.666667 427.833333 79813
407.500000 352.666667 79813
614.333333 465.166667 79813
535.666667 376.500000 79813
672.500000 320.000000 79813
482.500000 360.166667 79813
507.166667 464.500000 79813
511.833333 390.666667 79813
371.666667 292.000000 79813
612.666667 368.500000 79813
457.833333 380.833333 79813
692.666667 455.500000 79813
637.166667 462.166667 79813
524.000000 407.000000 79813
601.333333 324.666667 79813
751.166667 307.666667 79813
582.333333 460.833333 79813
470.333333 342.333333 79813
494.333333 360.666667 79813
432.666667 397.833333 79813
696.666667 435.500000 79813
475.833333 453.166667 79813
430.666667 381.166667 79813
587.000000 497.500000 79813
647.833333 372.000000 79813
508.166667 354.333333 79813
542.166667 404.166667 79813
314.333333 385.666667 79813
376.166667 478.833333 79813
354.833333 440.666667 79813
329.166667 406.666667 79813
470.500000 444.000000 79813
531.833333 465.666667 79813
606.166667 457.333333 79813
628.500000 466.000000 79813
491.666667 411.000000 79813
578.000000 300.166667 79813
428.833333 411.500000 79813
482.666667 361.333333 79813
600.666667 473.166667 79813
385.000000 477.000000 79813
478.500000 429.833333 79813
650.666667 420.666667 79813
709.666667 394.500000 79813
392.333333 342.500000 79813
382.000000 408.500000 79813
571.333333 432.500000 79813
652.833333 404.333333 79813
540.833333 399.500000 79813
576.500000 308.166667 79813
548.833333 478.500000 79813
594.166667 350.666667 79813
694.333333 455.166667 79813
609.666667 364.500000 79813
615.333333 443.333333 79813
616.666667 364.666667 79813
600.333333 384.333333 79813
695.166667 325.833333 79813
336.666667 434.000000 79813
586.500000 380.000000 79813
599.666667 373.000000 79813
609.500000 346.333333 79813
475.166667 379.166667 79813
413.333333 396.000000 79813
513.000000 419.500000 79813
623.500000 333.166667 79813
432.333333 431.166667 79813
733.000000 378.000000 79813
502.000000 415.666667 79813
326.833333 365.333333 79813
659.833333 439.500000 79813
450.166667 382.833333 79813
494.666667 363.666667 79813
611.833333 338.166667 79813
493.500000 454.166667 79813
403.666667 384.166667 79813
539.000000 358.333333 79813
481.500000 405.500000 79813
465.333333 303.833333 79813
436.666667 369.833333 79813
553.333333 509.000000 79813
659.833333 341.333333 79813
728.166667 374.166667 79813
459.000000 485.500000 79813
392.833333 445.666667 79813
600.500000 428.500000 79813
641.666667 335.166667 79813
474.333333 394.833333 79813
487.000000 387.833333 79813
539.666667 395.166667 79813
486.666667 354.500000 79813
501.666667 425.000000 79813
621.000000 286.500000 79813
557.000000 502.000000 79813
705.500000 415.666667 79813
431.833333 377.000000 79813
692.666667 360.000000 79813
471.333333 481.166667 79813
524.333333 398.000000 79813
696.333333 444.500000 79813
757.000000 375.000000 79813
418.500000 329.166667 79813
518.833333 347.833333 79813
457.166667 367.500000 79813
440.833333 429.333333 79813
414.500000 354.166667 79813
513.333333 372.166667 79813
558.833333 349.500000 79813
500.666667 399.833333 79813
427.333333 417.500000 79813
521.833333 421.666667 79813
580.833333 374.833333 79813
569.000000 375.000000 79813
645.333333 393.666667 79813
597.166667 434.166667 79813
421.500000 409.000000 79813
498.500000 366.500000 79813
521.666667 351.833333 79813
337.333333 374.500000 79813
537.333333 385.500000 79813
697.833333 454.333333 79813
483.166667 441.833333 79813
748.500000 325.500000 79813
666.166667 343.333333 79813
467.333333 385.666667 79813
366.666667 387.666667 79813
496.500000 398.000000 79813
567.166667 320.833333 79813
507.333333 460.166667 79813
457.666667 460.500000 79813
753.000000 408.333333 79813
506.833333 335.666667 79813
530.666667 403.000000 79813
413.000000 347.833333 79813
716.166667 385.000000 79813
532.000000 317.000000 79813
559.833333 425.833333 79813
488.000000 373.666667 79813
431.833333 386.666667 79813
417.333333 380.166667 79813
631.666667 378.500000 79813
572.666667 446.833333 79813
578.166667 533.833333 79813
365.000000 416.500000 79813
464.166667 357.166667 79813
590.833333 348.333333 79813
563.333333 311.166667 79813
543.666667 453.833333 79813
555.333333 436.500000 79813
589.333333 375.333333 79813
449.000000 363.500000 79813
623.333333 323.333333 79813
507.000000 393.500000 79813
435.333333 386.333333 79813
510.500000 429.333333 79813
491.666667 423.000000 79813
559.333333 360.166667 79813
576.166667 411.333333 79813
540.500000 327.666667 79813
407.666667 351.000000 79813
539.500000 359.166667 79813
475.333333 449.833333 79813
677.833333 433.166667 79813
686.333333 412.000000 79813
533.666667 404.833333 79813
608.166667 392.833333 79813
652.166667 333.500000 79813
589.000000 415.000000 79813
569.666667 453.833333 79813
619.166667 438.000000 79813
555.166667 391.833333 79813
592.333333 429.000000 79813
339.000000 441.833333 79813
611.000000 365.333333 79813
394.500000 396.000000 79813
477.500000 302.500000 79813
345.833333 436.000000 79813
530.000000 371.833333 79813
547.500000 320.000000 79813
577.166667 416.666667 79813
672.666667 352.333333 79813
626.000000 460.333333 79813
610.166667 385.000000 79813
677.666667 384.333333 79813
580.166667 346.333333 79813
461.166667 360.166667 79813
639.000000 425.333333 79813
492.333333 352.000000 79813
500.333333 396.666667 79813
529.000000 427.500000 79813
654.500000 316.333333 79813
582.333333 374.833333 79813
650.000000 327.833333 79813
661.000000 381.500000 79813
449.166667 425.833333 79813
828.166667 422.333333 79813
435.166667 447.166667 79813
569.666667 435.833333 79813
609.666667 409.333333 79813
512.833333 342.333333 79813
634.500000 435.333333 79813
645.166667 359.166667 79813
643.500000 487.500000 79813
318.166667 376.666667 79813
605.833333 442.833333 79813
539.000000 414.166667 79813
551.666667 353.666667 79813
574.833333 377.833333 79813
441.666667 437.333333 79813
724.166667 388.000000 79813
505.166667 407.000000 79813
477.833333 392.166667 79813
440.000000 396.833333 79813
606.500000 389.000000 79813
373.333333 363.666667 79813
662.166667 506.666667 79813
504.500000 398.666667 79813
631.000000 391.666667 79813
554.833333 358.666667 79813
511.666667 357.666667 79813
634.333333 392.333333 79813
542.000000 322.500000 79813
416.833333 418.166667 79813
353.166667 432.500000 79813
354.666667 482.333333 79813
532.333333 388.833333 79813
683.833333 304.166667 79813
423.833333 424.666667 79813
692.333333 352.333333 79813
675.500000 446.666667 79813
562.333333 319.833333 79813
555.333333 327.833333 79813
745.500000 357.166667 79813
465.333333 421.833333 79813
497.333333 450.333333 79813
639.166667 361.166667 79813
601.833333 386.166667 79813
527.666667 379.666667 79813
507.000000 355.666667 79813
518.666667 418.500000 79813
694.000000 444.833333 79813
614.666667 329.833333 79813
484.666667 488.333333 79813
704.166667 439.833333 79813
604.000000 413.666667 79813
493.500000 465.166667 79813
529.166667 442.500000 79813
467.166667 414.333333 79813
413.000000 353.500000 79813
575.000000 386.666667 79813
583.500000 422.833333 79813
709.166667 421.333333 79813
489.500000 411.833333 79813
595.666667 443.166667 79813
581.333333 351.166667 79813
465.666667 433.666667 79813
478.500000 381.833333 79813
608.500000 402.000000 79813
504.500000 328.500000 79813
554.333333 480.666667 79813
619.833333 431.333333 79813
469.500000 433.666667 79813
656.500000 407.666667 79813
705.666667 384.500000 79813
508.833333 381.333333 79813
511.833333 411.500000 79813
830.666667 369.166667 79813
581.000000 477.333333 79813
561.666667 403.166667 79813
594.833333 473.833333 79813
648.000000 396.500000 79813
572.000000 439.500000 79813
480.833333 459.500000 79813
488.000000 412.000000 79813
431.166667 480.333333 79813
632.000000 344.500000 79813
326.333333 382.166667 79813
608.166667 418.166667 79813
458.333333 312.000000 79813
476.500000 369.000000 79813
504.500000 364.666667 79813
524.333333 347.166667 79813
365.333333 416.833333 79813
607.833333 334.166667 79813
597.000000 457.333333 79813
439.666667 428.000000 79813
493.166667 401.666667 79813
774.166667 504.000000 79813
529.666667 428.833333 79813
595.666667 387.000000 79813
573.333333 408.500000 79813
554.000000 369.500000 79813
562.000000 340.666667 79813
689.333333 424.166667 79813
472.000000 396.333333 79813
521.333333 357.166667 79813
606.500000 379.000000 79813
645.833333 421.833333 79813
622.833333 379.000000 79813
569.500000 391.833333 79813
507.166667 388.666667 79813
615.833333 345.000000 79813
604.333333 450.833333 79813
610.500000 448.833333 79813
552.333333 473.500000 79813
527.166667 436.166667 79813
414.500000 481.333333 79813
661.500000 315.000000 79813
583.500000 448.666667 79813
564.166667 372.000000 79813
382.833333 415.500000 79813
577.333333 444.000000 79813
552.166667 369.000000 79813
508.333333 401.333333 79813
601.833333 377.666667 79813
368.333333 352.833333 79813
653.000000 448.000000 79813
420.166667 417.833333 79813
517.666667 405.333333 79813
829.500000 464.166667 79813
376.833333 393.833333 79813
440.166667 365.833333 79813
607.166667 379.000000 79813
706.333333 375.666667 79813
656.500000 499.833333 79813
677.666667 444.166667 79813
468.000000 409.333333 79813
487.333333 440.333333 79813
679.500000 358.833333 79813
576.500000 400.500000 79813
616.666667 429.333333 79813
647.500000 488.166667 79813
517.833333 331.666667 79813
503.166667 441.666667 79813
606.833333 317.666667 79813
769.166667 485.333333 79813
327.500000 377.333333 79813
780.166667 486.666667 79813
474.666667 392.166667 79813
443.500000 392.333333 79813
389.833333 458.166667 79813
534.666667 388.666667 79813
406.500000 548.833333 79813
607.500000 487.833333 79813
512.333333 370.166667 79813
482.666667 439.833333 79813
434.000000 299.833333 79813
625.166667 356.833333 79813
695.333333 484.166667 79813
701.666667 425.000000 79813
657.666667 432.666667 79813
538.500000 452.333333 79813
688.500000 427.166667 79813
421.666667 399.500000 79813
679.500000 351.333333 79813
576.000000 476.333333 79813
738.666667 343.500000 79813
752.333333 481.333333 79813
396.666667 348.333333 79813
349.833333 304.333333 79813
454.833333 347.833333 79813
497.166667 442.833333 79813
565.333333 466.666667 79813
494.833333 399.333333 79813
486.000000 472.500000 79813
586.833333 401.166667 79813
585.166667 437.000000 79813
365.500000 381.166667 79813
341.833333 454.833333 79813
463.833333 493.166667 79813
503.333333 436.666667 79813
414.833333 404.166667 79813
461.166667 420.666667 79813
617.166667 380.166667 79813
693.000000 387.000000 79813
653.500000 279.166667 79813
593.666667 450.666667 79813
641.166667 357.166667 79813
563.333333 355.166667 79813
563.500000 458.666667 79813
663.333333 371.666667 79813
790.666667 390.000000 79813
562.166667 398.666667 79813
448.500000 419.500000 79813
660.000000 413.333333 79813
536.166667 370.833333 79813
676.000000 430.000000 79813
478.000000 465.333333 79813
487.000000 456.500000 79813
463.833333 299.833333 79813
426.500000 369.666667 79813
524.500000 408.833333 79813
585.500000 357.000000 79813
432.833333 351.166667 79813
643.833333 445.500000 79813
512.000000 455.333333 79813
748.500000 338.166667 79813
577.333333 350.833333 79813
481.500000 434.500000 79813
492.666667 494.666667 79813
494.666667 465.166667 79813
366.666667 323.333333 79813
488.833333 384.666667 79813
595.833333 386.500000 79813
444.666667 353.000000 79813
588.166667 328.000000 79813
393.666667 421.833333 79813
625.000000 412.000000 79813
503.833333 452.166667 79813
507.666667 400.666667 79813
721.333333 410.500000 79813
638.666667 385.833333 79813
520.000000 340.000000 79813
816.333333 411.166667 79813
525.000000 338.166667 79813
717.500000 344.000000 79813
610.333333 431.833333 79813
570.000000 406.000000 79813
472.000000 417.333333 79813
640.333333 343.666667 79813
653.166667 398.333333 79813
609.166667 386.166667 79813
462.333333 423.500000 79813
484.833333 356.500000 79813
578.166667 356.166667 79813
599.000000 342.833333 79813
459.000000 406.000000 79813
402.500000 397.000000 79813
500.666667 412.500000 79813
552.333333 412.666667 79813
581.666667 393.833333 79813
677.666667 429.833333 79813
527.166667 380.166667 79813
521.833333 382.000000 79813
785.500000 345.500000 79813
448.833333 480.666667 79813
478.000000 460.000000 79813
611.833333 388.666667 79813
519.833333 389.500000 79813
673.666667 412.500000 79813
561.833333 400.000000 79813
522.833333 446.166667 79813
492.833333 557.000000 79813
632.666667 405.500000 79813
418.333333 340.333333 79813
517.333333 368.333333 79813
539.666667 418.833333 79813
645.000000 404.666667 79813
553.833333 384.666667 79813
645.166667 530.333333 79813
757.500000 389.666667 79813
655.833333 462.500000 79813
638.333333 368.166667 79813
676.833333 397.333333 79813
773.500000 479.833333 79813
563.666667 521.666667 79813
463.333333 404.833333 79813
684.666667 348.166667 79813
560.333333 421.500000 79813
593.000000 344.833333 79813
400.000000 461.333333 79813
529.500000 343.833333 79813
567.166667 427.666667 79813
604.833333 405.833333 79813
645.500000 355.500000 79813
665.833333 378.833333 79813
414.166667 428.333333 79813
557.333333 488.000000 79813
548.333333 433.166667 79813
553.500000 428.666667 79813
704.000000 357.500000 79813
775.666667 370.333333 79813
621.666667 399.000000 79813
665.500000 365.833333 79813
295.333333 384.833333 5949654
303.333333 395.666667 5949654
285.833333 457.000000 5949654
288.666667 437.666667 5949654
-809.833333 424.166667 16454862
-821.666667 381.333333 16454862
-833.833333 312.166667 16454862
-807.500000 373.500000 16454862
-787.833333 356.500000 16454862
-762.500000 286.500000 16454862
-806.333333 401.000000 16454862
-806.333333 490.000000 16454862
-787.833333 336.333333 16454862
