-585.334318 297.318740 0
-596.700110 470.843592 0
-590.703785 365.013332 0
-515.440118 350.864625 0
-466.057923 443.343956 0
-506.283871 317.565112 0
-502.337673 270.209369 0
-614.056874 452.977781 0
-719.064508 565.989000 0
-503.263293 421.128236 0
-709.217772 490.150996 0
-411.787540 362.608600 0
-687.019787 425.797376 0
-364.530507 398.704469 0
-611.919531 507.645348 0
-508.820147 385.231250 0
-446.713494 368.204724 0
-581.084288 348.553153 0
-642.892369 496.838201 0
-550.917021 408.988539 0
-555.903240 472.865364 0
-491.729018 362.980059 0
-503.131938 418.587573 0
-686.761752 576.449441 0
-595.356647 470.869318 0
-621.253518 472.482410 0
-422.525991 315.488575 0
-482.116439 315.567408 0
-567.598106 366.634316 0
-631.686190 364.042496 0
-490.831265 332.293025 0
-279.812706 338.938911 0
-443.862960 313.281171 0
-354.502037 377.083059 0
-724.274754 510.911096 0
-509.256112 410.158454 0
-662.530108 408.050544 0
-665.384246 559.263302 0
-559.025061 438.296933 0
-532.140885 441.272196 0
-538.373221 470.885297 0
-418.293989 278.042226 0
-566.409869 475.186680 0
-510.310945 444.729614 0
-611.550024 462.433475 0
-535.903983 544.932861 0
-455.725038 358.314332 0
-625.499554 407.002141 0
-687.932253 495.045326 0
-421.545116 391.678645 0
-565.883086 467.112355 0
-745.156756 492.502228 0
-527.643543 382.410338 0
-352.190466 331.949726 0
-613.596254 486.151299 0
-284.607352 248.119737 0
-401.063124 306.802007 0
-489.257345 379.671765 0
-559.631846 425.714156 0
-657.386026 504.376290 0
-537.777937 343.696435 0
-620.446877 363.409985 0
-477.465719 328.599792 0
-541.045532 411.762094 0
-505.560346 386.678979 0
-628.288115 393.902033 0
-557.289093 387.590668 0
-568.819863 328.938802 0
-510.479135 390.885450 0
-433.376109 423.210812 0
-517.296624 400.307331 0
-604.736530 467.257451 0
-472.622644 351.022874 0
-507.556882 323.578200 0
-507.721951 355.954039 0
-534.147747 484.529826 0
-431.872354 241.019857 0
-596.693289 481.285227 0
-455.642405 362.637249 0
-371.936269 301.715127 0
-519.614141 334.533171 0
-625.033281 489.550640 0
-510.164779 424.138872 0
-676.968026 460.188362 0
-564.423373 421.114985 0
-503.316983 522.192695 0
-485.083517 354.981545 0
-615.381238 482.188632 0
-785.221721 613.145958 0
-436.159409 377.442338 0
-584.545701 384.628949 0
-659.582515 542.419875 0
-670.711329 427.143470 0
-585.132995 483.326098 0
-628.017024 442.372343 0
-517.156013 350.852445 0
-350.661371 351.435353 0
-532.380989 358.790056 0
-501.910671 353.728900 0
-513.292253 340.195459 0
-674.485439 493.586683 0
-437.933870 308.142938 0
-518.808081 387.459117 0
-456.834441 309.352416 0
-340.002341 215.899906 0
-360.661681 314.357441 0
-664.355628 423.481419 0
-502.506542 357.852739 0
-362.923753 231.650497 0
-745.676914 469.996513 0
-373.429698 377.547674 0
-555.653396 325.924073 0
-551.639958 462.939697 0
-432.995883 353.683880 0
-430.805726 407.752847 0
-608.913477 405.727667 0
-580.754339 527.843194 0
-666.094813 367.456844 0
-582.350478 365.007875 0
-509.623087 418.525306 0
-482.259779 360.845641 0
-289.389329 258.138853 0
-461.290953 410.353244 0
-560.245942 300.135559 0
-552.925835 327.092818 0
-659.221487 423.145529 0
-627.626955 448.996211 0
-497.970512 460.018221 0
-598.729095 419.155480 0
-533.042828 445.183412 0
-495.756679 367.079537 0
-481.574845 289.443005 0
-514.097823 389.823698 0
-420.533352 413.346047 0
-519.613750 416.576520 0
-557.060196 391.833681 0
-601.672105 393.605315 0
-551.501880 450.329831 0
-568.352226 413.575629 0
-655.346715 449.705995 0
-628.952003 334.631202 0
-555.389028 384.463585 0
-357.343804 282.538203 0
-495.170064 409.869921 0
-553.233755 507.301077 0
-447.244664 308.481557 0
-432.730641 311.757533 0
-709.183666 542.359168 0
-595.443666 398.748908 0
-506.721102 360.914826 0
-563.394656 305.843939 0
-516.947966 526.790600 0
-316.431656 318.491901 0
-503.567805 464.025614 0
-596.727493 408.566217 0
-525.298159 327.952666 0
-532.030385 325.363281 0
-702.438678 381.234287 0
-710.179058 545.751688 0
-371.987915 263.380379 0
-538.414051 428.746327 0
-617.413146 385.302191 0
-486.559406 416.940668 0
-647.143959 402.493787 0
-526.991058 322.420368 0
-469.850258 380.084733 0
-468.664168 322.462073 0
-497.040604 356.386009 0
-560.506602 450.881073 0
-509.886188 341.563283 0
-583.830362 441.212854 0
-588.788616 405.368682 0
-568.616202 437.079465 0
-552.991901 388.851498 0
-612.817578 476.799870 0
-479.503862 344.336740 0
-616.581263 457.395512 0
-574.721472 416.865248 0
-684.163306 481.781317 0
-531.668280 431.708144 0
-542.472601 487.368473 0
-659.748172 451.730691 0
-582.962329 426.115140 0
-543.702934 355.099649 0
-345.676418 305.981039 0
-699.512038 381.724529 0
-494.026848 449.507498 0
-576.184012 438.175128 0
-491.342747 424.871458 0
-343.238656 311.486247 0
-533.387100 386.497635 0
-378.661674 309.567376 0
-609.102810 462.046134 0
-287.921333 245.182281 0
-564.155500 362.854455 0
-608.596295 463.668580 0
-589.701082 474.616632 0
-558.548755 352.954512 0
-665.726278 402.199993 0
-633.288852 537.361448 0
-482.957383 331.409985 0
-550.501422 373.247269 0
-669.966367 447.627218 0
-442.876628 397.824549 0
-600.779320 457.119160 0
-610.802530 446.072202 0
-460.004299 425.223425 0
-766.756533 474.865313 0
-440.336259 336.423392 0
-477.816616 300.494055 0
-440.570906 262.294559 0
-504.559692 350.618091 0
-678.594467 474.940733 0
-440.802237 315.407404 0
-606.892776 424.374981 0
-406.872844 352.137147 0
-541.186437 399.684468 0
-588.877777 452.136642 0
-436.626850 333.827186 0
-561.173024 428.455262 0
-541.167924 305.856022 0
-500.436826 431.168985 0
-441.050913 423.415348 0
-490.153054 270.959592 0
-639.331757 531.166920 0
-481.547462 351.720380 0
-349.338763 238.092826 0
-569.256800 433.821028 0
-444.827464 262.151024 0
-504.543223 396.188851 0
-681.853002 455.070494 0
-472.918873 426.961051 0
-432.755975 395.144346 0
-585.716882 444.712368 0
-435.483634 373.464763 0
-749.904823 513.707842 0
-418.266606 340.319601 0
-528.124137 420.466103 0
-603.604423 449.166738 0
-705.339494 399.911419 0
-517.680068 363.103424 0
-570.795249 440.738787 0
-525.587665 393.821640 0
-680.964212 532.830196 0
-525.693588 333.486327 0
-626.767205 400.857698 0
-573.639452 403.549789 0
-480.703594 381.076131 0
-658.332795 480.394393 0
-523.678148 384.802008 0
-489.414327 404.066728 0
-433.457867 318.422035 0
-521.363653 384.867004 0
-613.815895 434.994062 0
-475.972872 414.765615 0
-644.451576 410.898545 0
-738.446359 461.678382 0
-389.128838 351.939335 0
-647.732716 478.591772 0
-634.348462 422.091767 0
-540.831838 352.011837 0
-463.092503 340.308980 0
-600.049170 495.652986 0
-403.148429 372.512537 0
-560.960498 407.638353 0
-579.136866 336.474163 0
-557.669612 395.585088 0
-554.731668 494.825294 0
-444.049467 394.287129 0
-697.606419 407.461591 0
-483.298828 297.411700 0
-617.227514 404.762093 0
-586.725917 427.221619 0
-619.786886 457.437510 0
-442.438522 254.008975 0
-524.431295 351.788299 0
-541.607493 427.072431 0
-494.411851 369.193589 0
-492.874473 421.720014 0
-399.810479 289.974854 0
-486.657241 348.624480 0
-608.686140 366.860679 0
-621.336249 447.648655 0
-343.948245 324.788161 0
-482.810532 454.395105 0
-401.420255 391.319660 0
-539.197212 349.789426 0
-542.910811 325.609815 0
-485.125125 433.819272 0
-426.897630 322.434788 0
-637.326454 444.799289 0
-543.483294 406.256886 0
-525.420644 486.599151 0
-595.873978 473.051093 0
-618.926745 491.342347 0
-512.467387 360.825470 0
-527.609339 455.129348 0
-724.604019 475.196915 0
-742.583058 604.285940 0
-645.208326 474.174041 0
-489.678499 386.548890 0
-517.919585 403.686307 0
-646.339166 473.842244 0
-432.504082 393.867242 0
-412.456299 418.049484 0
-481.191010 408.690261 0
-559.639836 454.205869 0
-583.204966 380.478020 0
-476.361871 348.697563 0
-668.296466 458.679633 0
-387.162120 410.118597 0
-685.669013 538.818922 0
-498.650674 396.198303 0
-595.758799 486.472182 0
-701.364060 519.475564 0
-468.548989 335.883162 0
-570.948628 368.844545 0
-585.549763 558.000716 0
-562.764581 374.439110 0
-561.427450 466.577387 0
-522.902787 248.208903 0
-574.709292 415.149353 0
-463.666644 357.335212 0
-567.326722 476.637137 0
-552.978552 348.202255 0
-522.113974 376.540786 0
-413.963663 411.466251 0
-536.154029 365.789084 0
-422.335098 302.280109 0
-521.950073 383.098294 0
-430.769283 382.094324 0
-671.671055 525.854164 0
-680.348366 457.477074 0
-553.052412 479.474323 0
-558.043506 372.999469 0
-471.311727 341.950428 0
-637.565096 384.916313 0
-541.103804 404.007386 0
-563.643136 454.873557 0
-507.898033 351.112426 0
-705.383830 474.572492 0
-788.152068 403.370690 0
-681.943722 458.728453 0
-597.163361 454.004258 0
-392.476729 337.815382 0
-701.009462 471.802933 0
-357.585370 177.456898 0
-523.989482 417.257752 0
-427.924303 298.306627 0
-601.835615 469.091156 0
-591.387844 335.950108 0
-678.476461 513.049313 0
-682.050716 457.837325 0
-630.411130 503.693596 0
-444.846949 435.934493 0
-649.832055 441.375684 0
-531.312220 406.634677 0
-500.916251 430.291402 0
-453.276851 277.971969 0
-607.984248 443.582990 0
-704.371093 416.284873 0
-580.814953 312.891787 0
-563.808011 528.271071 0
-548.209924 378.832382 0
-565.769663 396.401768 0
-473.410772 366.266852 0
-633.037350 454.040995 0
-621.878430 350.708035 0
-670.019280 427.714980 0
-598.544632 477.548729 0
-372.313865 354.907875 0
-531.474952 361.143821 0
-502.684961 430.877821 0
-428.298099 296.231844 0
-538.040548 369.288598 0
-289.129349 248.880873 0
-467.130203 227.235984 0
-460.959547 327.179055 0
-515.280016 412.689665 0
-523.139087 395.522626 0
-732.884341 444.396164 0
-659.547730 453.140514 0
-559.160410 455.083452 0
-536.764809 367.452164 0
-422.362089 322.046083 0
-547.283130 474.043562 0
-511.714240 393.839179 0
-565.719576 391.626515 0
-654.683609 344.890129 0
-593.959298 410.852258 0
-619.806279 366.668422 0
-521.258220 342.648130 0
-700.280676 508.248432 0
-648.008193 362.323970 0
-378.061514 352.730192 0
-628.104918 470.717792 0
-351.525213 393.308885 0
-766.340934 439.124043 0
-545.960424 381.211872 0
-803.972426 517.986326 0
-454.714834 336.871733 0
-471.257646 322.929318 0
-578.845115 457.291051 0
-454.407398 339.172683 0
-602.975907 474.651907 0
-668.712358 432.888391 0
-504.367043 421.541302 0
-453.431300 265.521912 0
-356.022946 370.127394 0
-449.799747 408.443629 0
-464.500570 424.641099 0
-431.110923 307.074364 0
-698.240196 414.644789 0
-471.619359 298.627803 0
-497.017314 412.398404 0
-655.633492 519.751623 0
-535.691072 321.095906 0
-554.181110 360.254156 0
-625.583257 462.123408 0
-583.293833 488.778492 0
-565.220372 280.253140 0
-545.490157 449.514515 0
-611.320350 345.699792 0
-443.039556 311.312019 0
-531.232609 345.248429 0
-580.471263 533.575934 0
-498.761663 409.553033 0
-624.136893 456.775280 0
-657.517870 404.362767 0
-524.450003 404.595072 0
-496.058072 496.196918 0
-448.278740 435.910132 0
-443.460319 400.232493 0
-680.681332 497.541262 0
-559.327334 382.816778 0
-491.571644 420.628444 0
-602.756756 423.254958 0
-602.683771 392.448750 0
-560.029807 468.092839 0
-480.625250 338.112393 0
-335.906173 377.749285 0
-349.791681 399.958478 0
-548.265663 334.232653 0
-424.133430 338.966685 0
-606.517713 408.027253 0
-531.129317 421.917924 0
-663.937300 391.916803 0
-478.468710 442.527374 0
-569.125641 390.258690 0
-530.451106 360.584491 0
-436.247695 323.744438 0
-458.583954 359.686249 0
-555.716635 412.370243 0
-647.254263 559.424377 0
-523.058791 477.712238 0
-769.686874 550.153440 0
-438.962977 341.370634 0
-731.474616 423.684884 0
-395.460374 311.147922 0
-565.597674 394.978401 0
-443.295542 306.324142 0
-402.340521 245.017602 0
-410.638188 269.111951 0
-516.275702 354.549673 0
-445.954988 389.060904 0
-426.018194 426.597875 0
-516.693154 285.648430 0
-546.843366 393.848827 0
-555.093479 450.012942 0
-435.613331 439.626264 0
-617.375045 423.264507 0
-648.206005 344.579964 0
-613.271572 413.046312 0
-465.723593 405.368095 0
-551.441271 380.217844 0
-619.097468 474.343204 0
-610.899974 459.799363 0
-553.141768 485.220608 0
-574.238052 403.496974 0
-676.771774 434.822367 0
-594.303276 413.698993 0
-597.259832 387.776397 0
-557.680135 460.921822 0
-430.106954 398.255155 0
-455.896929 380.248537 0
-613.656282 394.264915 0
-326.552309 321.172104 0
-664.554608 444.670760 0
-465.748345 326.756537 0
-438.239355 430.995338 0
-520.140533 424.650844 0
-536.684611 429.130940 0
-616.285910 481.923194 0
-544.493694 386.677810 0
-541.218885 411.097134 0
-557.558624 382.230359 0
-545.780641 310.275117 0
-501.252240 404.646424 0
-435.395837 324.608476 0
-542.246531 466.923995 0
368.238625 295.617039 0
636.239050 332.065174 0
576.849821 451.553215 0
512.417662 471.809137 0
563.067900 291.142015 0
471.008842 433.234480 0
507.416142 492.436419 0
713.167450 567.045656 0
383.157333 344.788947 0
692.651645 472.844680 0
576.553299 437.147550 0
549.366948 475.092130 0
533.749957 313.868343 0
591.598002 476.702591 0
702.828037 430.925154 0
475.753011 419.683401 0
680.545370 516.558640 0
571.713637 311.818117 0
608.784532 373.281737 0
737.852702 468.670950 0
466.510038 396.971786 0
589.607413 428.895876 0
498.383456 392.164182 0
720.799184 511.011629 0
464.063314 294.030259 0
527.832655 392.489354 0
598.296611 423.767193 0
395.103897 280.856677 0
535.940598 442.308584 0
568.635956 462.069296 0
362.937365 408.569497 0
614.115996 458.427807 0
703.412799 492.777283 0
373.374130 293.864602 0
698.257026 484.832949 0
581.774165 426.895542 0
465.961916 319.756505 0
621.380853 373.516090 0
527.770487 365.487368 0
607.660513 363.171900 0
542.491578 391.381608 0
415.687328 393.706332 0
320.478876 388.602885 0
673.075396 447.146789 0
530.933915 409.756663 0
524.138156 387.432389 0
679.938976 447.098067 0
439.424545 300.891013 0
567.008151 449.405252 0
524.308585 431.965758 0
464.016733 406.055048 0
776.749508 463.522096 0
696.420983 404.065339 0
509.157377 290.747657 0
492.939443 336.773384 0
597.634380 419.417186 0
566.407507 310.058859 0
476.435902 351.686830 0
586.960631 530.384218 0
451.808340 280.308457 0
584.547817 416.256193 0
408.325516 362.336702 0
681.554405 499.067891 0
747.150245 407.849489 0
502.547537 472.494364 0
593.114721 496.522744 0
513.745341 373.778311 0
551.317098 482.994466 0
535.666001 373.978851 0
671.593365 537.116835 0
685.264108 440.131586 0
655.411685 364.759364 0
392.017253 322.661121 0
619.790366 486.976428 0
408.668129 367.271764 0
493.113476 477.595958 0
711.754709 326.980147 0
480.995901 334.996488 0
661.041231 421.201098 0
639.404717 474.712002 0
347.684327 321.421727 0
651.940625 363.812694 0
652.237925 499.195055 0
510.046748 374.986326 0
654.150561 421.994684 0
601.417067 391.287088 0
554.159643 509.426306 0
504.763518 399.258023 0
461.095551 398.191982 0
509.093061 429.920696 0
506.680926 457.280204 0
744.901816 469.673164 0
649.184512 388.325467 0
632.668594 442.544693 0
514.215412 346.497342 0
473.486070 387.678629 0
638.365962 476.613431 0
449.421833 329.522267 0
393.193212 232.903699 0
280.413813 288.469991 0
640.217305 472.876933 0
579.597748 439.570402 0
528.379707 410.260449 0
417.766790 264.750124 0
713.770436 499.195349 0
830.553037 464.807581 0
277.794904 225.126771 0
533.485100 474.962042 0
340.893829 331.765820 0
527.090227 449.818122 0
534.669831 249.609634 0
529.323845 369.944368 0
600.624553 443.840603 0
497.629042 406.755380 0
636.203188 468.405023 0
594.224124 447.560828 0
495.289115 343.944401 0
443.874333 391.822639 0
536.964640 401.846239 0
738.736617 561.262927 0
715.218165 502.455150 0
442.736769 382.085233 0
655.497921 456.725652 0
606.716669 341.955469 0
353.160983 347.203517 0
667.383094 486.768093 0
551.749558 391.121627 0
511.763812 413.907494 0
567.549164 313.531284 0
501.541720 383.254273 0
555.972205 402.164590 0
438.091408 407.275147 0
612.677915 420.038880 0
424.654242 370.687379 0
524.649736 459.499984 0
620.123528 486.018941 0
429.922368 389.898115 0
571.386807 404.888156 0
638.719979 362.287692 0
651.736964 471.953357 0
404.040699 324.291753 0
536.008223 460.957262 0
590.624536 419.386004 0
441.610413 294.108701 0
580.460324 463.021424 0
546.862049 359.394474 0
460.721657 420.777602 0
538.542554 368.713356 0
387.336813 320.104185 0
534.612435 357.830202 0
415.104224 268.233365 0
603.077321 415.363799 0
548.981167 434.429343 0
591.603948 365.795098 0
621.001306 445.476692 0
528.762275 272.590682 0
498.315536 435.048015 0
563.144782 356.704916 0
786.686090 442.552199 0
521.272908 293.947920 0
556.556869 484.527556 0
554.439017 427.915197 0
501.284859 287.776290 0
676.238726 511.926922 0
507.626526 394.364959 0
648.206366 460.338883 0
619.931271 474.898802 0
389.575203 375.452984 0
605.468503 521.883380 0
477.302668 348.362034 0
645.286841 388.854979 0
615.337850 400.221456 0
710.992110 354.101307 0
712.749123 535.481040 0
599.541168 432.613471 0
474.427479 351.539202 0
642.658088 401.662559 0
454.967382 392.375245 0
664.271116 445.185724 0
557.615990 471.812061 0
533.912200 370.931673 0
360.227735 341.568318 0
444.894673 275.581926 0
693.759684 425.971090 0
499.484575 376.243064 0
695.200102 542.226712 0
605.552598 494.961298 0
681.987935 466.639237 0
643.656014 441.900100 0
569.384717 496.853080 0
644.528042 471.243670 0
478.457673 392.483701 0
522.751330 392.752063 0
531.546157 388.820579 0
424.952618 280.450530 0
505.619761 330.596493 0
456.788809 414.071101 0
718.792126 508.775674 0
408.411170 292.304618 0
559.850972 389.849980 0
633.621695 510.675347 0
706.530820 402.941321 0
543.823932 449.084172 0
562.868038 454.550208 0
700.382188 428.449487 0
470.795050 393.995060 0
591.427475 452.680060 0
578.155183 489.489805 0
665.928642 473.439089 0
570.127537 357.480962 0
597.467750 430.151348 0
560.440120 383.904617 0
502.058953 405.946886 0
605.475618 449.909234 0
522.111998 414.433010 0
376.836809 348.362909 0
588.198856 447.117944 0
598.072198 339.701876 0
692.761074 529.309410 0
688.660525 473.892887 0
381.169472 292.805579 0
539.945360 420.377108 0
503.724665 421.670289 0
483.406280 391.768655 0
587.145681 348.925945 0
499.844729 395.051551 0
440.818388 244.108030 0
567.091077 383.549822 0
617.482986 415.067277 0
732.786089 507.494575 0
617.029188 437.799160 0
471.859727 352.415420 0
548.934103 363.944924 0
798.094174 551.338918 0
454.558604 346.192340 0
376.408834 351.927418 0
664.641793 529.330945 0
619.604735 506.436329 0
527.938481 352.664879 0
596.546805 434.965871 0
553.847239 417.526377 0
576.358704 348.160716 0
568.027127 335.252866 0
528.601978 375.437396 0
486.197668 353.981057 0
688.338179 478.654596 0
441.528753 378.386641 0
390.896061 287.863793 0
690.724687 429.440786 0
508.789717 425.956665 0
502.649563 377.402358 0
534.981067 302.576215 0
586.098545 404.379010 0
725.765135 565.191683 0
458.759423 390.648534 0
351.469351 371.158325 0
625.745378 452.436450 0
538.397068 489.610148 0
500.893425 296.488485 0
337.730401 287.496525 0
571.613269 343.289285 0
682.956532 409.244109 0
581.813924 325.312387 0
486.951788 400.922370 0
446.290364 399.219824 0
675.541514 459.319228 0
554.549033 361.314904 0
658.069571 490.606128 0
345.890185 257.959333 0
423.778122 347.608789 0
709.759048 490.546785 0
559.466458 367.609703 0
639.153993 512.368246 0
587.419984 478.788190 0
619.274204 523.727999 0
643.399153 346.422117 0
575.272298 402.642749 0
351.026761 315.651081 0
460.036919 308.353291 0
514.580534 459.506707 0
506.899300 387.700457 0
628.983449 463.891114 0
453.598389 350.035832 0
393.734317 361.582288 0
679.024461 523.514305 0
588.471409 376.048470 0
456.528926 384.302284 0
487.224145 370.874570 0
535.448312 299.982738 0
482.210445 389.785958 0
559.164380 382.068183 0
435.269425 329.007566 0
434.546097 357.099758 0
520.955628 372.399670 0
654.895131 483.554285 0
645.758956 500.973217 0
735.758918 477.022893 0
601.323716 371.294947 0
664.926624 439.466529 0
490.891359 417.698073 0
591.351664 446.561343 0
554.956348 430.096973 0
474.813358 371.691152 0
489.036413 325.145366 0
610.802015 461.365263 0
528.931145 360.234053 0
486.771907 350.496452 0
643.387652 486.193756 0
528.939037 409.236603 0
614.974674 447.122135 0
572.128942 409.091899 0
547.315554 398.195102 0
542.112521 360.788023 0
576.129514 413.936241 0
502.569366 439.081134 0
514.725727 400.142427 0
467.469085 354.194947 0
557.825108 355.318090 0
378.155134 223.928697 0
518.976926 387.841362 0
543.788657 462.358997 0
478.226244 359.881693 0
651.901936 524.840033 0
637.055241 426.519310 0
499.136407 400.172147 0
586.116862 539.229131 0
599.289275 431.336367 0
514.293952 348.439405 0
621.606630 455.493080 0
679.156696 341.457433 0
502.119660 455.548036 0
565.850906 306.906052 0
559.623538 371.493829 0
505.336490 377.350908 0
486.917779 432.619705 0
729.383921 543.619093 0
458.889903 292.723337 0
590.976504 450.724452 0
522.408814 367.306164 0
604.926131 374.782280 0
484.940441 445.973070 0
616.857493 374.843280 0
624.874323 503.047902 0
658.282781 367.847177 0
516.478163 405.277932 0
559.925811 316.013675 0
544.826145 442.035058 0
595.340349 388.157278 0
537.157386 310.412192 0
514.952384 297.521881 0
619.551143 384.861033 0
455.428001 359.201727 0
539.218623 311.158419 0
369.729227 396.137077 0
582.915723 450.878803 0
490.126032 448.995887 0
384.933935 394.377917 0
593.115504 332.436046 0
490.838447 437.610310 0
552.985734 453.519541 0
572.512288 392.398829 0
451.675034 402.921145 0
498.535176 383.890778 0
563.436722 479.929748 0
611.296350 458.026921 0
502.132721 272.666396 0
567.586678 398.633991 0
569.703752 334.269653 0
493.496045 339.926191 0
596.732143 477.038482 0
448.133913 325.969938 0
611.246753 350.697482 0
432.769299 348.532463 0
431.364933 339.978712 0
585.999736 392.740176 0
506.838398 379.120982 0
619.142072 400.210640 0
463.652585 373.000705 0
482.064279 369.195216 0
473.274811 385.284230 0
582.160141 426.536655 0
541.047649 443.389338 0
573.693019 437.863959 0
456.526295 367.968101 0
859.479253 512.325959 0
379.905815 313.195877 0
513.356440 419.335526 0
540.622206 483.798868 0
563.737925 365.005409 0
564.977025 382.204995 0
399.979225 310.867936 0
667.232933 451.931495 0
531.365982 399.927173 0
558.272959 443.493701 0
618.061024 466.850203 0
625.032865 484.332864 0
474.343482 357.950447 0
507.980250 341.571732 0
494.308828 297.069447 0
536.048374 277.330759 0
549.967499 349.885965 0
565.449531 412.279884 0
391.293924 350.753313 0
597.680667 368.924908 0
670.593396 357.480087 0
393.027163 405.636232 0
553.627115 286.174406 0
587.283172 484.600835 0
449.193909 413.720302 0
608.307542 431.515177 0
580.681426 389.265023 0
520.542464 394.014258 0
508.927698 459.077368 0
698.110468 546.285556 0
409.390290 300.246224 0
514.330494 353.587090 0
621.017873 379.395094 0
502.276936 418.410488 0
483.084032 376.019527 0
440.473823 364.326318 0
683.780615 552.700796 0
689.041045 481.887307 0
600.875082 447.206034 0
292.396625 291.217918 0
503.350966 403.234234 0
510.987864 400.379411 0
697.520837 369.721712 0
568.639853 496.825990 0
351.761004 270.852274 0
383.964072 433.350535 0
535.478614 477.570429 0
431.271288 381.519082 0
463.100174 343.072079 0
596.195908 463.071608 0
738.935114 399.943060 0
410.568390 329.377171 0
511.645029 331.039377 0
473.080021 337.319071 0
617.194649 388.131650 0
517.515848 343.932318 0
663.347247 495.198576 0
577.286080 414.947907 0
569.206298 423.827998 0
548.701988 474.918777 0
453.407496 336.827367 0
586.631856 463.544212 0
525.825401 431.275073 0
643.892998 445.637962 0
438.921927 337.270153 0
705.781375 511.733398 0
511.782814 405.181754 0
461.244641 373.584396 0
632.285542 397.705252 0
465.919722 363.983802 0
614.085009 424.415977 0
806.688950 466.773907 0
615.787653 363.243716 0
635.786225 434.752080 0
598.060697 479.473515 0
357.194298 301.928013 0
591.003691 429.468751 0
448.459960 396.986597 0
586.076521 478.813915 0
489.669897 393.861075 0
505.604559 394.589763 0
358.270959 303.085943 0
544.965784 411.534923 0
431.144222 331.691764 0
681.225336 493.760397 0
489.959696 398.197537 0
496.847735 381.069768 0
645.366941 347.687041 0
518.135787 413.020459 0
487.112960 398.541515 0
474.072685 344.888245 0
706.253881 541.808287 0
506.150246 414.449186 0
608.218185 425.768892 0
562.532442 398.151837 0
517.713269 408.231661 0
439.267465 297.006887 0
720.065235 494.277924 0
605.654330 461.401804 0
398.291294 410.601112 0
646.071170 348.831426 0
487.331139 369.983443 0
546.963194 448.900003 0
560.060475 476.376055 0
574.704880 395.685719 0
522.286911 370.658050 0
517.391217 351.460858 0
762.899080 469.059753 0
437.543090 371.081541 0
468.094677 373.908105 0
510.256839 338.447378 0
631.913012 418.202544 0
623.178212 330.247645 0
467.647700 386.198354 0
486.564447 403.369584 0
525.064656 353.753720 0
27.900000 -5.800000 0
50.700000 -25.000000 0
-31.000000 47.200000 0
-11.200000 -3.900000 0
-35.900000 -1.000000 0
11.000000 76.300000 0
25.600000 -9.000000 0
-43.500000 -10.800000 0
-48.200000 -68.800000 0
-61.400000 -10.300000 0
71.000000 27.600000 0
-72.200000 1.900000 0
-19.600000 10.100000 0
-62.800000 -34.900000 0
38.200000 -48.500000 0
43.500000 -47.200000 0
-66.300000 14.800000 0
-32.200000 0.100000 0
13.300000 -35.400000 0
-49.200000 9.700000 0
35.000000 49.100000 0
-1.400000 29.800000 0
-40.600000 -21.200000 0
-69.800000 -33.400000 0
25.000000 14.800000 0
5.900000 6.400000 0
-33.200000 -30.000000 0
66.200000 14.900000 0
-39.100000 -30.900000 0
3.900000 9.600000 0
-30.600000 -30.400000 0
-33.200000 -65.000000 0
-12.000000 37.000000 0
5.300000 -50.600000 0
56.400000 12.300000 0
14.200000 -23.100000 0
-41.800000 -60.400000 0
-2.100000 41.000000 0
-0.300000 28.100000 0
15.000000 -65.900000 0
-37.700000 -96.400000 0
-12.400000 4.200000 0
-92.300000 -42.500000 0
78.200000 14.700000 0
-45.000000 -68.600000 0
-29.200000 114.900000 0
11.200000 -11.300000 0
27.100000 25.700000 0
-7.400000 37.300000 0
-27.500000 41.200000 0
17.200000 27.600000 0
-16.800000 1.700000 0
-1.900000 -9.200000 0
-59.100000 19.500000 0
-72.500000 -26.600000 0
-51.600000 35.500000 0
8.600000 -8.700000 0
25.200000 39.300000 0
-15.300000 18.000000 0
-29.200000 -1.500000 0
-4.400000 3.400000 0
-11.000000 -29.700000 0
63.500000 123.600000 0
-1.000000 29.100000 0
78.900000 8.600000 0
-44.000000 -30.000000 0
79.600000 44.700000 0
-102.200000 5.800000 0
-25.100000 -9.400000 0
-14.100000 9.200000 0
9.200000 25.800000 0
4.100000 6.500000 0
-21.700000 -3.200000 0
40.600000 -1.000000 0
23.700000 -39.900000 0
56.300000 0.500000 0
-36.100000 62.400000 0
-81.400000 29.400000 0
12.400000 -29.800000 0
-12.800000 -0.700000 0
70.600000 20.800000 0
5.500000 -45.900000 0
1.100000 31.500000 0
-6.400000 54.700000 0
8.700000 -55.100000 0
17.600000 -26.800000 0
-8.300000 24.400000 0
-7.300000 -43.300000 0
-38.000000 -79.100000 0
12.500000 -22.900000 0
30.000000 37.100000 0
20.100000 -11.700000 0
41.100000 -40.200000 0
-54.400000 51.500000 0
-2.300000 66.500000 0
26.500000 6.800000 0
-6.400000 -3.900000 0
-18.300000 -3.600000 0
-3.600000 -24.400000 0
60.000000 75.000000 0
30.800000 -33.300000 0
49.500000 -15.400000 0
68.200000 43.200000 0
31.100000 6.900000 0
11.600000 -17.900000 0
-76.900000 -10.000000 0
-72.200000 -7.900000 0
19.700000 -2.000000 0
-61.800000 82.800000 0
-3.000000 23.300000 0
6.800000 -17.800000 0
55.900000 -10.700000 0
58.000000 -15.400000 0
31.100000 12.000000 0
-1.700000 -77.400000 0
-41.900000 82.400000 0
-8.300000 22.600000 0
28.300000 22.300000 0
-35.600000 22.300000 0
6.300000 56.200000 0
14.000000 19.600000 0
21.500000 -38.800000 0
-24.400000 -8.700000 0
-38.000000 -29.500000 0
-18.600000 -35.700000 0
-6.000000 1.000000 0
1.600000 48.600000 0
0.500000 7.500000 0
-36.400000 -71.100000 0
-51.200000 -97.700000 0
-50.100000 -20.700000 0
-52.000000 54.600000 0
23.900000 -25.400000 0
76.000000 36.700000 0
25.200000 -20.300000 0
-13.500000 -23.200000 0
-37.700000 31.500000 0
-9.300000 20.800000 0
43.000000 10.100000 0
4.700000 -2.400000 0
-9.000000 0.800000 0
61.000000 48.900000 0
67.800000 -9.900000 0
36.800000 16.000000 0
-58.600000 -10.400000 0
8.900000 -45.300000 0
32.500000 28.300000 0
-20.400000 1.900000 0
-0.400000 -71.300000 0
18.800000 30.200000 0
-115.600000 -4.100000 0
-42.800000 -10.800000 0
74.100000 -50.300000 0
-11.400000 48.700000 0
7.200000 -27.400000 0
50.400000 9.100000 0
-34.600000 -32.100000 0
-9.400000 4.000000 0
65.800000 -17.100000 0
119.800000 6.200000 0
45.500000 -21.300000 0
-15.200000 20.900000 0
-21.600000 -40.000000 0
-14.700000 2.600000 0
-20.900000 -28.900000 0
52.200000 -69.700000 0
-40.000000 4.300000 0
12.500000 54.100000 0
-3.500000 -75.600000 0
-20.400000 6.000000 0
-26.600000 -21.200000 0
57.100000 73.400000 0
-9.700000 -65.500000 0
-14.600000 -64.200000 0
8.800000 -29.700000 0
32.900000 -15.400000 0
-92.700000 37.400000 0
-79.200000 3.600000 0
0.000000 5.500000 0
-54.200000 1.500000 0
-22.700000 7.600000 0
-57.600000 -49.400000 0
-53.800000 46.600000 0
13.900000 -63.300000 0
-4.700000 24.600000 0
16.300000 -53.100000 0
29.200000 -37.700000 0
18.500000 -22.100000 0
-61.900000 28.400000 0
-37.400000 -27.100000 0
-12.100000 -14.300000 0
-21.100000 11.200000 0
-8.800000 55.100000 0
-59.900000 -31.200000 0
-27.100000 -26.400000 0
-24.300000 7.400000 0
-9.900000 -28.400000 0
-22.600000 37.300000 0
-29.800000 -77.200000 0
-4.800000 -27.700000 0
37.800000 32.300000 0
37.200000 12.000000 0
28.500000 -64.700000 0
38.100000 17.100000 0
49.000000 11.600000 0
-20.100000 -16.100000 0
49.000000 9.300000 0
11.600000 -10.500000 0
-91.400000 -24.500000 0
-33.600000 8.600000 0
-8.400000 38.900000 0
-9.500000 -71.700000 0
-16.500000 -35.900000 0
-51.500000 -11.000000 0
-16.500000 -48.500000 0
-20.400000 -50.700000 0
-50.800000 48.000000 0
13.000000 9.900000 0
-14.000000 14.200000 0
27.000000 20.200000 0
23.600000 -42.200000 0
-3.900000 6.600000 0
-7.600000 -59.700000 0
18.100000 29.800000 0
38.900000 -79.300000 0
45.100000 60.800000 0
48.600000 -47.800000 0
-58.400000 -72.100000 0
-20.000000 92.600000 0
-9.300000 2.800000 0
-37.700000 -37.200000 0
4.600000 39.100000 0
4.700000 -3.200000 0
4.200000 45.000000 0
15.200000 -18.100000 0
-2.300000 -23.600000 0
8.600000 44.900000 0
6.500000 44.700000 0
17.100000 -33.700000 0
4.100000 -8.500000 0
23.900000 -29.400000 0
-54.800000 42.300000 0
-77.500000 48.400000 0
-0.100000 47.700000 0
15.100000 -0.800000 0
7.700000 36.600000 0
27.700000 -9.700000 0
10.700000 -18.300000 0
47.700000 -1.500000 0
-8.000000 34.300000 0
89.200000 -17.300000 0
-31.700000 -55.400000 0
-5.700000 -4.000000 0
-40.200000 -16.200000 0
41.800000 -45.300000 0
-40.300000 27.500000 0
-76.400000 -10.900000 0
-11.100000 -51.800000 0
0.000000 -56.800000 0
-88.800000 -27.400000 0
11.300000 -56.200000 0
-3.100000 -18.200000 0
-24.800000 -28.300000 0
-53.800000 -22.400000 0
64.700000 10.300000 0
-61.100000 19.700000 0
8.500000 -32.200000 0
-31.200000 13.000000 0
-12.200000 10.500000 0
35.600000 -9.500000 0
-4.300000 20.700000 0
7.400000 -35.300000 0
9.000000 -13.700000 0
19.700000 2.900000 0
-55.200000 -16.800000 0
60.400000 -58.800000 0
-34.100000 13.500000 0
-8.000000 -64.800000 0
-62.600000 56.700000 0
-22.100000 -20.200000 0
-0.600000 -66.000000 0
7.900000 -40.400000 0
7.800000 -31.800000 0
43.000000 -53.200000 0
1.600000 -6.800000 0
-8.300000 -74.500000 0
-0.100000 -70.600000 0
35.700000 -3.300000 0
-9.100000 -7.600000 0
95.000000 -2.500000 0
21.700000 -0.500000 0
-28.200000 -9.900000 0
-89.500000 24.200000 0
-48.300000 -78.800000 0
32.700000 -18.600000 0
-33.100000 -93.900000 0
10.400000 -5.000000 0
5.700000 -5.100000 0
-5.600000 11.600000 0
26.800000 -11.000000 0
-33.300000 38.500000 0
15.500000 -5.100000 0
1.600000 18.900000 0
-79.800000 11.500000 0
-20.200000 -18.800000 0
-6.900000 16.300000 0
-9.100000 -0.200000 0
32.000000 20.000000 0
5.400000 -8.500000 0
22.100000 -16.700000 0
-51.400000 52.100000 0
-28.300000 1.300000 0
-19.300000 -9.300000 0
0.000000 -15.200000 0
2.800000 -33.000000 0
5.400000 32.900000 0
-27.700000 -22.300000 0
4.400000 54.400000 0
16.700000 -2.400000 0
-13.700000 12.400000 0
-58.200000 -43.000000 0
23.400000 4.500000 0
4.500000 24.600000 0
-13.000000 -9.100000 0
-22.200000 26.300000 0
10.900000 45.700000 0
52.500000 -81.600000 0
-43.800000 52.900000 0
23.300000 37.100000 0
-27.000000 19.400000 0
-42.100000 -49.900000 0
24.800000 -22.100000 0
25.400000 15.800000 0
50.200000 -58.000000 0
18.600000 -14.000000 0
-1.000000 30.500000 0
2.000000 48.600000 0
9.000000 31.100000 0
20.900000 -11.300000 0
14.300000 -16.300000 0
-16.100000 -10.100000 0
42.200000 41.500000 0
-23.700000 -37.100000 0
4.300000 6.000000 0
-16.300000 -56.000000 0
-31.500000 39.700000 0
21.500000 -44.900000 0
20.100000 66.600000 0
-57.300000 -51.000000 0
54.700000 1.400000 0
12.600000 23.900000 0
-1.300000 31.500000 0
-19.100000 -14.600000 0
31.200000 -16.000000 0
12.600000 -35.700000 0
48.500000 -71.600000 0
-32.200000 53.800000 0
11.300000 -10.300000 0
-49.000000 41.300000 0
-39.800000 -58.900000 0
30.700000 -44.600000 0
25.400000 -35.700000 0
-2.800000 -54.500000 0
-21.400000 -89.100000 0
-49.700000 -6.500000 0
-8.100000 31.600000 0
30.800000 27.800000 0
-61.800000 10.400000 0
11.200000 32.300000 0
12.200000 11.000000 0
-15.700000 -28.600000 0
-43.700000 -88.200000 0
55.300000 6.600000 0
37.200000 51.800000 0
11.500000 21.400000 0
29.800000 45.700000 0
14.700000 14.800000 0
15.300000 5.700000 0
23.400000 -29.400000 0
-1.000000 28.500000 0
-16.300000 -9.000000 0
48.500000 -11.400000 0
34.100000 24.500000 0
-28.600000 -54.700000 0
17.100000 15.900000 0
-5.500000 -11.500000 0
-3.400000 -2.900000 0
-32.700000 -41.300000 0
6.500000 36.200000 0
41.400000 -32.300000 0
-70.500000 22.500000 0
-13.600000 -19.900000 0
22.000000 45.400000 0
18.400000 21.500000 0
12.600000 -8.500000 0
4.000000 3.300000 0
21.900000 39.300000 0
-39.900000 -17.300000 0
-22.000000 29.900000 0
65.000000 1.800000 0
-128.000000 -412.800000 0
-68.700000 -431.900000 0
18.100000 -404.100000 0
184.000000 -426.900000 0
33.300000 -399.200000 0
45.600000 -400.000000 0
-50.300000 -410.300000 0
86.700000 -407.600000 0
42.400000 -428.500000 0
-109.300000 -405.500000 0
90.500000 -389.800000 0
77.900000 -417.200000 0
-207.700000 -424.100000 0
65.500000 -413.500000 0
-167.300000 -423.300000 0
-82.800000 -367.000000 0
-92.700000 -436.500000 0
11.500000 -398.600000 0
158.500000 -372.900000 0
-97.600000 -364.700000 0
-99.900000 -408.300000 0
-46.700000 -399.300000 0
-89.900000 -397.700000 0
68.800000 -378.700000 0
94.900000 -413.600000 0
13.600000 -381.900000 0
-14.400000 -386.900000 0
1.600000 -367.900000 0
25.700000 -393.000000 0
-39.900000 -400.200000 0
-30.700000 -390.300000 0
100.300000 -384.200000 0
63.500000 -390.800000 0
-127.400000 -434.100000 0
3.200000 -397.400000 0
46.200000 -403.700000 0
-94.300000 -385.700000 0
-68.100000 -382.100000 0
-35.900000 -438.400000 0
-92.200000 -424.300000 0
-126.100000 -399.800000 0
3.100000 -415.100000 0
-170.100000 -422.900000 0
-9.300000 -401.400000 0
176.900000 -402.400000 0
40.400000 -407.300000 0
14.900000 -386.600000 0
-52.000000 -432.300000 0
-47.100000 -361.300000 0
-10.200000 -420.800000 0
109.100000 -438.100000 0
-67.300000 -386.500000 0
-33.800000 -426.800000 0
-117.900000 -403.300000 0
5.600000 -390.800000 0
38.700000 -369.300000 0
146.200000 -405.200000 0
12.300000 -377.300000 0
161.100000 -387.900000 0
2.600000 -410.000000 0
87.800000 -396.500000 0
-54.900000 -443.700000 0
15.000000 -373.600000 0
-25.100000 -370.700000 0
89.300000 -417.700000 0
40.500000 -419.700000 0
80.000000 -427.100000 0
63.500000 -379.600000 0
-23.900000 -422.600000 0
43.800000 -402.900000 0
-155.000000 -388.100000 0
-31.500000 -378.500000 0
133.100000 -407.300000 0
118.300000 -397.200000 0
117.200000 -358.700000 0
75.700000 -403.700000 0
90.400000 -387.000000 0
-14.800000 -365.200000 0
-13.300000 -390.500000 0
31.400000 -446.200000 0
133.000000 -375.000000 0
40.800000 -372.200000 0
84.200000 -376.300000 0
112.600000 -401.000000 0
4.600000 -382.200000 0
-122.500000 -399.400000 0
-97.700000 -376.300000 0
-25.300000 -392.700000 0
-87.900000 -391.600000 0
151.900000 -411.600000 0
-55.100000 -363.400000 0
169.500000 -412.500000 0
119.900000 -408.400000 0
77.700000 -383.400000 0
17.900000 -418.700000 0
-89.300000 -399.200000 0
84.600000 -398.800000 0
-16.100000 -390.000000 0
-106.000000 -376.000000 0
-201.900000 -448.800000 0
80.100000 -394.100000 0
-8.800000 -405.300000 0
-77.700000 -409.200000 0
17.200000 -382.300000 0
61.600000 -387.500000 0
15.600000 -406.800000 0
-64.000000 -398.400000 0
-89.800000 -415.200000 0
-87.800000 -405.400000 0
95.600000 -396.900000 0
92.100000 -408.200000 0
167.000000 -405.700000 0
-158.400000 -395.500000 0
-84.000000 -425.300000 0
-20.700000 -391.800000 0
15.000000 -429.900000 0
114.300000 -396.800000 0
52.900000 -420.500000 0
-232.700000 -408.500000 0
-11.700000 -412.200000 0
-84.900000 -383.200000 0
-47.300000 -430.600000 0
-80.900000 -428.200000 0
-97.000000 -365.800000 0
-13.600000 -381.000000 0
34.400000 -406.100000 0
-39.300000 -437.100000 0
-127.500000 -346.800000 0
101.100000 -377.600000 0
-73.800000 -399.200000 0
174.600000 -432.400000 0
-98.700000 -409.100000 0
30.700000 -401.600000 0
-105.400000 -398.600000 0
62.200000 -398.900000 0
34.700000 -391.500000 0
-71.300000 -399.700000 0
3.200000 -409.900000 0
-186.400000 -401.000000 0
-51.000000 -422.300000 0
154.500000 -410.000000 0
46.200000 -392.300000 0
-108.100000 -408.700000 0
-118.100000 -396.700000 0
105.000000 -393.500000 0
13.700000 -378.800000 0
105.400000 -406.300000 0
-84.600000 -405.800000 0
178.000000 -405.500000 0
219.500000 -369.700000 0
-50.400000 -386.200000 0
91.900000 -371.300000 0
-31.700000 -407.600000 0
22.700000 -425.300000 0
39.700000 -416.500000 0
39.100000 -393.000000 0
-125.400000 -389.200000 0
67.700000 -421.100000 0
111.200000 -424.300000 0
108.500000 -396.700000 0
93.900000 -413.400000 0
119.700000 -395.000000 0
-82.600000 -387.900000 0
-54.100000 -378.100000 0
193.500000 -371.000000 0
36.900000 -411.300000 0
90.500000 -394.800000 0
103.600000 -410.400000 0
7.800000 -426.400000 0
-4.800000 -402.200000 0
-77.300000 -391.600000 0
-219.500000 -377.000000 0
-8.500000 -391.100000 0
48.800000 -403.200000 0
-24.300000 -372.400000 0
151.200000 -430.400000 0
88.800000 -377.100000 0
-12.000000 -409.200000 0
-97.400000 -392.200000 0
117.700000 -399.800000 0
-30.000000 -397.200000 0
-2.200000 -394.900000 0
19.000000 -422.000000 0
-167.700000 -382.800000 0
31.400000 -381.900000 0
10.600000 -389.100000 0
-192.800000 -383.100000 0
-31.800000 -403.100000 0
48.400000 -382.900000 0
62.000000 -371.800000 0
-54.400000 -392.000000 0
-23.300000 -397.700000 0
-25.100000 -390.200000 0
-54.300000 -392.200000 0
151.300000 -401.400000 0
65.300000 -401.700000 0
67.900000 -399.900000 0
8.200000 -394.100000 0
74.400000 -391.600000 0
-28.400000 -439.400000 0
117.100000 -380.900000 0
-42.000000 -433.000000 0
52.600000 -391.600000 0
-83.600000 -391.600000 0
47.500000 -418.600000 0
0.500000 -369.600000 0
-150.000000 -357.800000 0
143.100000 -400.100000 0
-62.800000 -381.200000 0
-36.200000 -380.300000 0
-35.400000 -404.800000 0
-39.800000 -430.500000 0
73.000000 -414.000000 0
-15.600000 -397.100000 0
-104.300000 -404.100000 0
-105.000000 -390.500000 0
101.700000 -388.900000 0
-127.100000 -348.600000 0
55.300000 -399.100000 0
-185.300000 -414.100000 0
-10.900000 -403.300000 0
10.400000 -421.000000 0
143.100000 -386.900000 0
31.400000 -395.600000 0
2.100000 -383.800000 0
240.100000 -411.600000 0
-70.900000 -411.700000 0
-7.300000 -397.300000 0
-5.200000 -382.200000 0
41.700000 -377.600000 0
-76.300000 -379.200000 0
-123.600000 -412.700000 0
-49.300000 -376.600000 0
-62.400000 -351.700000 0
-49.900000 -386.900000 0
22.000000 -403.900000 0
92.100000 -424.500000 0
28.000000 -388.500000 0
33.300000 -410.900000 0
32.600000 -400.500000 0
61.500000 -405.000000 0
-84.400000 -418.300000 0
-50.000000 -403.400000 0
9.900000 -387.600000 0
-53.400000 -385.700000 0
67.400000 -393.900000 0
-189.800000 -378.800000 0
28.400000 -421.700000 0
-55.200000 -419.200000 0
54.100000 -430.500000 0
-120.600000 -398.500000 0
-44.300000 -392.400000 0
5.600000 -395.800000 0
11.200000 -398.100000 0
-26.200000 -395.500000 0
136.900000 -401.000000 0
141.000000 -416.600000 0
-85.900000 -409.600000 0
-94.100000 -417.000000 0
-49.500000 -366.600000 0
80.500000 -420.500000 0
53.400000 -404.500000 0
26.200000 -380.000000 0
5.600000 -378.200000 0
-8.200000 -406.300000 0
70.200000 -373.200000 0
153.500000 -414.900000 0
-48.900000 -383.700000 0
-89.500000 -372.800000 0
-24.900000 -405.800000 0
-34.900000 -399.800000 0
-213.400000 -413.700000 0
-3.000000 -411.700000 0
-123.000000 -391.300000 0
64.300000 -359.300000 0
-118.300000 -384.100000 0
107.100000 -409.800000 0
-93.500000 -390.800000 0
-0.900000 -374.300000 0
-16.800000 -372.200000 0
8.000000 -394.900000 0
-83.000000 -418.600000 0
19.200000 -408.900000 0
-31.500000 -416.800000 0
1.100000 -384.600000 0
98.900000 -401.300000 0
52.100000 -408.400000 0
94.000000 -408.100000 0
-8.100000 -396.700000 0
244.600000 -449.500000 0
-36.600000 -412.900000 0
-43.900000 -387.300000 0
98.100000 -426.200000 0
-97.200000 -399.700000 0
150.300000 -400.400000 0
78.100000 -369.800000 0
1.700000 -430.300000 0
38.500000 -400.900000 0
-117.800000 -362.200000 0
35.600000 -406.300000 0
61.900000 -383.400000 0
-4.400000 -359.700000 0
94.000000 -405.400000 0
91.300000 -412.900000 0
-30.100000 -429.000000 0
-22.400000 -399.900000 0
-128.800000 -398.400000 0
-212.300000 -396.200000 0
106.300000 -397.800000 0
70.600000 -404.500000 0
-68.600000 -387.700000 0
-6.000000 -413.200000 0
-44.300000 -399.600000 0
-72.800000 -407.900000 0
-41.400000 -425.100000 0
72.300000 -393.600000 0
-60.000000 -394.200000 0
-74.600000 -378.700000 0
124.200000 -410.800000 0
74.800000 -397.900000 0
154.100000 -424.600000 0
33.300000 -388.300000 0
137.600000 -384.500000 0
18.100000 -420.200000 0
-82.400000 -396.500000 0
36.800000 -417.700000 0
-6.200000 -374.300000 0
64.200000 -411.500000 0
-22.400000 -410.500000 0
64.700000 -410.800000 0
-52.600000 -410.900000 0
81.500000 -435.900000 0
139.100000 -404.400000 0
-10.500000 -421.900000 0
-12.800000 -378.400000 0
32.000000 -391.100000 0
-15.500000 -407.800000 0
-146.400000 -404.700000 0
-7.900000 -393.300000 0
136.900000 -409.300000 0
26.200000 -423.900000 0
15.500000 -410.000000 0
61.000000 -389.500000 0
-117.400000 -419.600000 0
-159.500000 -395.600000 0
80.600000 -405.700000 0
-83.000000 -400.000000 0
172.700000 -427.400000 0
86.500000 -404.700000 0
-56.700000 -405.900000 0
-42.500000 -406.100000 0
-89.300000 -418.200000 0
-42.100000 -378.500000 0
94.400000 -377.700000 0
-127.500000 -395.700000 0
-41.500000 -416.600000 0
-164.600000 -405.300000 0
104.900000 -397.700000 0
-29.900000 -374.400000 0
42.000000 -387.800000 0
-80.000000 -361.100000 0
-45.900000 -447.700000 0
-171.300000 -391.400000 0
36.000000 -368.300000 0
-112.800000 -398.600000 0
46.300000 -386.900000 0
-2.300000 -392.600000 0
-117.800000 -386.700000 0
54.300000 -402.000000 0
-44.000000 -365.900000 0
30.600000 -382.600000 0
99.600000 -421.800000 0
120.400000 -429.800000 0
-71.400000 -409.300000 0
-64.600000 -421.800000 0
23.500000 -398.400000 0
66.500000 -384.700000 0
-153.500000 -405.400000 0
121.200000 -424.300000 0
-114.400000 -384.100000 0
147.100000 -374.100000 0
6.500000 -420.500000 0
130.400000 -395.500000 0
-50.100000 -412.200000 0
71.500000 -420.900000 0
38.000000 -393.000000 0
-152.300000 -430.500000 0
162.700000 -418.500000 0
-43.900000 -368.900000 0
-122.300000 -421.900000 0
-37.900000 -382.700000 0
59.700000 -394.400000 0
51.200000 -397.200000 0
-103.900000 -393.800000 0
157.700000 -394.500000 0
39.600000 -391.300000 0
-131.900000 -386.700000 0
-27.700000 -391.000000 0
-38.900000 -399.600000 0
-97.000000 -434.400000 0
-58.500000 -408.000000 0
98.900000 -361.100000 0
-134.700000 -358.900000 0
-143.900000 -412.500000 0
-56.800000 -433.600000 0
34.700000 -417.600000 0
91.800000 -409.900000 0
-87.300000 -366.100000 0
-73.400000 -381.000000 0
10.100000 -393.100000 0
-38.600000 -386.100000 0
116.900000 -376.700000 0
146.500000 -391.500000 0
154.700000 -364.900000 0
83.400000 -373.800000 0
73.900000 -415.600000 0
-67.900000 -404.700000 0
-76.200000 -387.200000 0
211.700000 -412.000000 0
-170.900000 -386.700000 0
138.700000 -409.400000 0
94.800000 -385.500000 0
-40.100000 -394.000000 0
-99.700000 -347.900000 0
-123.300000 -393.700000 0
67.700000 -395.000000 0
-268.900000 -374.000000 0
-46.200000 -386.200000 0
6.000000 -386.000000 0
-163.800000 -380.200000 0
34.200000 -399.500000 0
0.700000 -408.400000 0
74.800000 -372.200000 0
-263.800000 -396.300000 0
-169.100000 -424.000000 0
-65.800000 -402.100000 0
95.300000 -388.000000 0
153.700000 -398.100000 0
49.100000 -389.000000 0
83.400000 -384.200000 0
-43.200000 -400.400000 0
61.200000 -373.200000 0
104.400000 -388.100000 0
83.600000 -392.100000 0
-44.300000 -379.000000 0
-68.300000 -414.800000 0
52.600000 -389.300000 0
66.300000 -408.100000 0
63.900000 -401.700000 0
-55.700000 -395.000000 0
24.500000 -397.700000 0
-194.200000 -409.500000 0
-54.200000 -398.100000 0
-13.900000 -382.500000 0
154.500000 -405.900000 0
76.400000 -409.200000 0
164.300000 -411.700000 0
-84.000000 -404.000000 0
-51.200000 -387.600000 0
-10.200000 -399.100000 0
52.200000 -386.300000 0
-15.100000 -429.900000 0
-115.300000 -416.700000 0
109.100000 -380.800000 0
-117.600000 -431.100000 0
-7.400000 -398.500000 0
-10.700000 -392.700000 0
-18.600000 -410.900000 0
-6.600000 -394.900000 0
75.000000 -372.000000 0
104.300000 -427.900000 0
-7.400000 -391.800000 0
131.200000 -384.500000 0
-37.000000 -393.100000 0
16.500000 -411.000000 0
-57.100000 -390.400000 0
-95.800000 -429.000000 0
-138.000000 -403.500000 0
44.900000 -417.700000 0
76.700000 -384.100000 0
6.400000 -414.100000 0
-149.100000 -401.500000 0
24.100000 -406.100000 0
-9.200000 -419.800000 0
-6.100000 -399.100000 0
68.400000 -400.900000 0
63.300000 -419.800000 0
69.000000 -400.500000 0
31.900000 -412.200000 0
-26.400000 -402.300000 0
55.900000 -369.500000 0
-51.200000 -425.400000 0
-45.100000 -361.200000 0
19.800000 -404.600000 0
50.500000 -371.400000 0
16.200000 -360.000000 0
12.400000 -389.500000 0
242.500000 -389.200000 0
171.700000 -373.800000 0
86.000000 -379.700000 0
4.900000 -404.100000 0
-36.300000 -395.800000 0
-45.100000 -401.500000 0
101.200000 -404.800000 0
11.700000 -376.100000 0
49.700000 -424.800000 0
37.400000 -400.400000 0
-7.300000 -412.600000 0
-187.100000 -378.400000 0
-78.000000 -386.700000 0
102.500000 -395.400000 0
-88.000000 -422.400000 0
-18.500000 -394.000000 0
-65.800000 -394.900000 0
-22.400000 -406.900000 0
-62.800000 -396.200000 0
56.300000 -420.100000 0
-109.100000 -389.700000 0
-81.500000 -420.400000 0
35.900000 -406.300000 0
-111.400000 -384.600000 0
77.700000 -409.100000 0
-49.900000 -380.700000 0
17.600000 -413.100000 0
133.700000 -366.700000 0
50.600000 -389.500000 0
-18.600000 -408.400000 0
163.100000 -376.700000 0
38.300000 -382.600000 0
19.100000 -384.100000 0
105.800000 -388.000000 0
-29.300000 -414.600000 0
83.300000 -381.900000 0
-23.300000 -377.100000 0
-56.200000 -368.300000 0
124.300000 -387.000000 0
57.300000 -401.500000 0
129.500000 -393.400000 0
-85.400000 -397.000000 0
-40.600000 -412.600000 0
-14.300000 -394.900000 0
100.200000 -392.200000 0
7.900000 -408.900000 0
-183.500000 -405.900000 0
70.900000 -380.300000 0
11.300000 -425.300000 0
13.900000 -396.900000 0
26.700000 -389.900000 0
-117.900000 -379.900000 0
48.600000 -422.500000 0
28.300000 -409.400000 0
-155.100000 -387.300000 0
-167.100000 -417.100000 0
-67.000000 -401.700000 0
-120.300000 -402.900000 0
-27.600000 -383.100000 0
6.700000 -385.200000 0
-82.600000 -422.900000 0
104.300000 -382.800000 0
-27.200000 -404.200000 0
107.000000 -362.900000 0
-42.000000 -374.800000 0
-12.800000 -409.000000 0
74.700000 -394.000000 0
87.300000 -424.300000 0
-49.800000 -363.500000 0
-179.600000 -416.200000 0
-119.600000 -408.200000 0
150.200000 -422.100000 0
-16.300000 -389.100000 0
6.800000 -414.000000 0
33.500000 -398.100000 0
88.400000 -408.300000 0
111.400000 -410.100000 0
-61.700000 -415.500000 0
68.300000 -411.500000 0
-161.300000 -390.100000 0
116.700000 -402.800000 0
-54.300000 -391.900000 0
-175.100000 -405.300000 0
46.800000 -421.300000 0
119.000000 -408.300000 0
23.600000 -398.100000 0
-31.100000 -363.600000 0
66.000000 -413.300000 0
124.700000 -409.400000 0
34.700000 -436.800000 0
-208.400000 -404.700000 0
4.900000 -412.600000 0
66.000000 -353.100000 0
-76.500000 -397.300000 0
167.000000 -411.200000 0
-133.500000 -417.000000 0
-35.700000 -402.500000 0
-48.300000 -377.100000 0
20.500000 -417.700000 0
47.000000 -403.600000 0
119.300000 -376.500000 0
-103.300000 -436.500000 0
101.400000 -410.400000 0
-29.000000 -406.900000 0
87.900000 -417.700000 0
48.700000 -427.400000 0
-159.200000 -360.200000 0
5.500000 -402.100000 0
-74.900000 -396.600000 0
167.800000 -407.500000 0
-39.700000 -418.400000 0
25.500000 -379.400000 0
187.600000 -405.100000 0
6.600000 -408.900000 0
76.800000 -417.900000 0
81.900000 -406.700000 0
230.200000 -396.000000 0
-168.400000 -426.000000 0
3.600000 -380.100000 0
-81.900000 -369.800000 0
-30.700000 -394.500000 0
-70.300000 -402.100000 0
39.100000 -419.300000 0
15.100000 -395.700000 0
40.000000 -407.300000 0
24.700000 -414.500000 0
109.000000 -385.500000 0
-63.300000 -399.200000 0
-3.500000 -417.200000 0
-74.900000 -401.900000 0
-34.000000 -395.100000 0
-64.800000 -405.800000 0
74.200000 -416.300000 0
-147.900000 -402.600000 0
-117.000000 -412.100000 0
-95.000000 -395.600000 0
-116.800000 -411.700000 0
3.900000 -404.000000 0
55.400000 -395.200000 0
12.100000 -420.500000 0
20.600000 -425.000000 0
-144.800000 -418.800000 0
-113.400000 -407.200000 0
29.500000 -408.000000 0
78.100000 -380.900000 0
19.300000 -377.200000 0
-30.700000 -385.100000 0
-65.400000 -387.200000 0
18.400000 -411.300000 0
-135.100000 -411.200000 0
17.100000 -439.500000 0
-93.500000 -376.400000 0
66.800000 -407.800000 0
-67.200000 -417.000000 0
12.600000 -420.300000 0
-70.700000 -417.400000 0
5.700000 -402.100000 0
-118.400000 -426.800000 0
64.400000 -362.700000 0
-20.000000 -381.000000 0
-61.900000 -380.700000 0
-70.500000 -381.500000 0
249.800000 -432.100000 0
-138.900000 -414.500000 0
63.400000 -411.900000 0
-67.100000 -410.600000 0
-55.400000 -392.900000 0
10.500000 -427.300000 0
-131.100000 -402.300000 0
52.000000 -408.300000 0
89.300000 -399.400000 0
-24.600000 -403.100000 0
-30.500000 -398.400000 0
71.300000 -393.200000 0
2.200000 -390.200000 0
-50.100000 -421.600000 0
104.700000 -426.000000 0
-56.600000 -386.100000 0
-48.700000 -392.100000 0
-13.200000 -416.900000 0
-90.800000 -387.300000 0
-232.600000 -422.200000 0
-63.400000 -412.200000 0
110.400000 -384.100000 0
-85.700000 -379.900000 0
76.900000 -380.900000 0
14.600000 -374.000000 0
-82.000000 -418.300000 0
8.100000 -396.400000 0
-31.400000 -410.800000 0
-82.600000 -386.600000 0
62.300000 -412.000000 0
-107.100000 -415.900000 0
11.100000 -399.200000 0
53.700000 -418.600000 0
-155.600000 -384.800000 0
40.600000 -421.800000 0
33.500000 -419.000000 0
-49.400000 -410.400000 0
116.800000 -426.400000 0
18.300000 -382.500000 0
-44.300000 -388.300000 0
82.600000 -374.000000 0
-64.400000 -433.200000 0
-183.400000 -374.800000 0
-178.800000 -400.900000 0
-74.900000 -396.600000 0
-110.200000 -364.800000 0
-1.800000 -362.200000 0
-11.600000 -420.200000 0
-134.900000 -437.100000 0
-71.200000 -416.100000 0
-10.300000 -381.800000 0
-2.300000 -420.300000 0
-73.600000 -405.500000 0
-10.000000 -426.100000 0
-48.500000 -410.400000 0
261.300000 -416.400000 0
25.700000 -402.000000 0
-196.200000 -367.200000 0
-55.000000 -370.300000 0
10.500000 -366.300000 0
-196.400000 -374.500000 0
33.700000 -414.000000 0
196.700000 -386.500000 0
-28.100000 -412.500000 0
125.000000 -394.500000 0
18.100000 -410.200000 0
-140.200000 -405.700000 0
-70.700000 -392.000000 0
76.600000 -400.200000 0
41.500000 -403.400000 0
43.700000 -408.400000 0
71.500000 -429.300000 0
4.900000 -395.900000 0
38.800000 -367.600000 0
18.900000 -400.200000 0
13.500000 -417.000000 0
198.400000 -417.500000 0
-117.600000 -384.300000 0
-220.800000 -410.500000 0
93.400000 -439.400000 0
99.700000 -417.400000 0
-190.300000 -377.800000 0
-109.600000 -427.600000 0
103.900000 -398.600000 0
-32.500000 -420.000000 0
-121.500000 -378.900000 0
-16.700000 -387.700000 0
28.700000 -379.300000 0
26.700000 -399.300000 0
46.500000 -435.800000 0
68.300000 -378.900000 0
131.500000 -373.000000 0
2.500000 -392.200000 0
-65.600000 -414.000000 0
-144.800000 -416.400000 0
-48.600000 -393.300000 0
89.900000 -416.700000 0
-20.800000 -379.600000 0
-50.600000 -403.300000 0
73.700000 -416.900000 0
10.600000 -427.700000 0
-19.300000 -411.800000 0
50.200000 -403.500000 0
-47.500000 -440.400000 0
-108.700000 -360.300000 0
-35.900000 -435.100000 0
-46.500000 -443.500000 0
78.000000 -402.800000 0
81.200000 -410.000000 0
-56.400000 -406.600000 0
-3.700000 -398.300000 0
-96.900000 -402.400000 0
72.900000 -408.700000 0
121.200000 -394.100000 0
-70.100000 -389.500000 0
-108.500000 -389.100000 0
56.600000 -398.800000 0
102.500000 -406.500000 0
-38.500000 -409.200000 0
-92.900000 -431.100000 0
-77.700000 -430.100000 0
-23.000000 -383.900000 0
46.600000 -387.700000 0
74.000000 -404.200000 0
238.900000 -408.500000 0
151.500000 -403.000000 0
-162.400000 -394.400000 0
-3.500000 -430.500000 0
63.000000 -397.700000 0
132.400000 -404.700000 0
-13.400000 -412.300000 0
149.500000 -376.400000 0
-14.100000 -405.700000 0
14.300000 -424.600000 0
-3.000000 -402.500000 0
11.100000 -407.000000 0
51.900000 -371.400000 0
-211.300000 -392.000000 0
5.700000 -404.100000 0
77.100000 -415.900000 0
-140.300000 -386.400000 0
