788.440476 421.250000 52.734255 -0.724228
788.440476 421.250000 1.451878 105.717706
-339.260869 410.884058 47.459642 -26.854408
-339.260869 410.884058 38.825586 68.616237
-698.697464 398.474638 34.772138 -66.468990
-698.697464 398.474638 83.290741 43.572155
391.782313 417.846939 61.708886 -7.469997
391.782313 417.846939 8.365828 69.109258
-472.997024 462.934524 -11.011040 -54.678962
-472.997024 462.934524 -109.847157 22.120599
-486.690217 382.185688 5.911550 -64.449473
-486.690217 382.185688 93.766770 8.600644
113.032222 -399.480000 35.889636 -1.606408
113.032222 -399.480000 1.794707 40.096518
-595.939153 408.167989 42.876152 -10.092791
-595.939153 408.167989 18.993269 80.687121
595.222222 376.290660 -5.473243 -71.720063
595.222222 376.290660 -96.038023 7.329043
501.125304 425.166667 40.806834 -44.033267
501.125304 425.166667 68.912870 63.863443
685.785185 438.744444 -30.764737 -27.613592
685.785185 438.744444 -60.675687 67.599738
174.887719 -396.910526 -4.394747 -33.047540
174.887719 -396.910526 -49.838419 6.627642
443.448718 342.557692 -24.615167 -25.514372
443.448718 342.557692 -59.985804 57.871720
-7.484397 -401.431915 1.248227 -36.423030
-7.484397 -401.431915 101.619689 3.482534
-5.067259 2.136294 -57.407270 -38.870062
-5.067259 2.136294 -39.298632 58.040226
-150.596386 -399.677108 -2.446042 -38.373584
-150.596386 -399.677108 -57.346900 3.655455
